164
295
148
161
41
51
203
89
177
210
34
153
118
39
161
50
39
111
236
168
40
40
122
203
210
31
153
34
168
40
40
161
34
236
168
34
209
65
183
88
257
327
199
210
153
39
39
236
161
236
34
161
40
34
332
100
31
329
111
31
203
169
174
285
34
161
73
302
111
151
332
115
34
39
203
34
161
132
40
31
155
211
39
203
299
177
169
302
34
211
34
271
211
278
161
40
161
34
151
118
209
327
151
40
148
168
161
177
40
161
203
203
40
115
203
203
85
174
257
236
161
155
155
144
168
40
34
111
34
203
97
236
161
240
199
133
118
73
40
214
40
209
161
115
73
40
209
34
295
161
329
203
31
34
34
230
39
39
161
209
97
34
295
161
117
177
39
174
177
295
34
161
209
155
203
34
73
161
285
111
168
302
203
155
211
177
34
212
161
40
34
111
40
203
332
132
40
134
231
202
40
174
40
97
118
177
209
31
89
34
295
40
73
177
236
39
295
34
39
40
82
111
111
155
240
161
155
211
209
153
89
82
85
155
202
169
295
161
153
278
203
295
203
177
39
150
177
202
40
169
183
40
174
34
82
255
40
161
144
244
39
278
34
40
34
202
161
203
144
39
34
330
209
40
151
151
34
12
247
34
155
183
111
161
34
236
161
236
34
144
34
144
34
169
210
302
161
211
203
177
211
302
153
211
34
183
209
51
161
164
65
211
39
122
227
34
211
236
161
203
278
161
73
161
161
117
117
118
73
211
34
34
202
240
39
177
34
8
169
271
111
39
73
8
40
40
278
271
161
39
39
34
40
39
169
40
155
40
211
111
34
161
51
39
203
73
40
161
144
202
236
209
73
40
161
34
34
161
203
209
34
243
306
168
34
295
40
153
211
89
169
31
169
39
34
209
40
40
40
100
40
236
209
146
229
151
155
231
40
17
40
278
50
177
264
184
326
40
247
31
31
39
247
247
31
40
31
316
166
31
94
247
94
236
316
271
202
31
94
211
202
94
264
271
118
118
200
98
94
247
271
166
118
271
41
257
40
118
34
264
271
224
224
31
166
257
118
39
200
236
211
118
211
118
41
31
118
31
85
236
321
94
271
247
247
184
247
168
316
118
94
63
190
166
40
39
247
202
85
31
236
174
271
40
289
153
236
41
41
164
115
40
39
239
257
40
39
166
202
41
115
41
247
202
85
236
31
239
174
118
40
118
211
153
289
85
271
211
164
326
184
271
200
224
39
41
211
236
247
118
63
118
166
289
236
236
257
211
202
247
151
247
174
118
94
34
118
247
236
155
94
118
184
63
161
297
161
63
207
240
40
200
184
34
118
161
160
153
34
184
251
302
34
151
161
85
35
179
200
0
200
251
302
101
101
247
200
21
184
202
34
63
200
151
200
34
200
202
161
34
184
31
160
251
160
35
161
49
151
184
65
151
63
200
200
161
297
34
101
117
200
97
243
108
200
31
200
257
200
53
200
151
123
151
34
31
140
41
31
229
236
200
31
115
200
200
101
161
237
247
155
31
151
63
41
151
161
161
200
151
200
161
184
34
151
111
101
200
31
63
207
161
34
98
161
161
151
34
34
290
236
63
229
101
200
34
167
161
297
171
0
85
200
34
200
65
34
321
151
117
53
161
151
171
321
63
49
34
34
184
161
200
63
171
66
200
35
151
160
161
200
251
247
254
34
34
20
184
140
101
151
171
200
308
34
34
161
160
160
34
99
200
63
257
34
161
161
42
118
184
236
161
202
41
236
236
236
35
118
34
63
118
34
161
34
151
161
184
101
321
297
200
101
66
66
34
115
161
161
308
161
200
34
151
247
302
200
212
161
101
247
321
200
160
42
151
160
41
309
302
98
305
63
34
34
200
31
240
253
171
200
200
236
161
101
183
200
200
161
161
101
200
101
247
184
34
34
184
151
167
34
229
200
35
118
35
200
243
171
151
200
98
34
118
155
0
297
236
161
97
118
211
53
184
39
31
97
211
236
200
118
247
63
159
151
36
184
151
2
161
248
34
107
97
34
247
190
118
8
289
160
126
118
34
34
202
39
98
115
247
236
236
120
34
311
53
209
240
63
118
118
39
227
247
113
190
34
123
264
184
34
159
260
118
202
256
190
8
34
151
212
98
107
151
247
39
190
118
31
53
236
190
39
236
227
202
247
211
151
18
98
227
31
98
137
123
200
120
111
120
271
31
184
211
57
90
211
40
257
31
211
201
34
250
39
184
85
202
53
113
68
31
34
18
85
97
39
247
161
63
118
184
53
118
34
41
184
184
271
202
226
271
118
115
118
34
151
184
111
141
118
98
34
151
161
289
184
126
118
115
53
190
34
126
126
39
36
136
184
161
27
107
118
236
140
97
34
151
119
303
292
151
151
118
39
202
236
34
141
200
40
283
247
166
118
247
151
97
209
34
151
151
63
97
200
94
257
151
241
183
34
34
247
183
126
177
118
34
236
31
118
161
184
184
63
40
247
190
53
194
257
135
226
98
184
211
107
118
211
97
34
118
136
2
97
247
211
271
184
39
97
183
39
211
184
220
151
161
183
211
184
98
161
118
200
161
247
227
118
94
286
211
41
98
31
190
40
236
34
236
68
211
40
151
118
257
161
247
184
97
200
247
41
97
39
184
123
155
126
8
151
247
271
236
211
94
90
118
126
113
98
34
34
184
118
53
39
34
126
190
274
236
227
184
203
151
226
161
111
257
257
34
40
236
226
236
184
97
126
107
63
98
39
190
151
118
303
190
113
247
151
34
212
181
271
151
15
8
126
211
239
184
97
118
41
303
161
118
209
184
200
24
236
303
97
118
115
332
40
151
53
183
98
271
236
118
31
136
118
41
39
63
200
31
236
211
140
97
190
34
257
289
40
257
53
184
211
257
85
161
151
118
236
183
36
34
183
136
97
126
53
310
107
161
236
39
184
34
34
34
184
184
184
36
136
257
236
184
94
53
203
34
31
211
118
118
151
136
39
241
211
118
211
247
126
110
161
247
227
247
160
184
184
161
184
120
53
51
162
239
190
240
34
184
126
140
236
161
211
82
31
118
111
200
118
247
53
118
227
43
97
211
190
97
53
97
120
118
34
74
257
184
118
211
39
34
211
73
247
247
236
256
19
184
151
98
155
53
155
40
111
98
126
247
118
303
161
236
183
211
98
98
211
310
34
40
247
35
113
118
111
2
236
94
202
257
161
140
200
184
118
240
271
236
34
227
184
151
98
39
116
97
181
257
34
316
98
226
118
34
41
211
15
271
184
126
126
113
209
181
15
107
41
211
236
41
256
184
160
240
110
34
15
236
247
98
140
15
211
34
292
211
190
236
161
247
220
118
160
137
247
236
18
303
41
118
184
8
202
247
302
161
2
40
31
34
220
98
20
223
274
8
108
155
203
40
155
206
111
98
296
162
285
164
285
255
118
319
16
85
98
223
294
39
63
181
169
301
125
98
51
236
242
245
115
223
40
148
82
39
184
117
2
41
118
118
184
155
305
82
184
176
161
27
148
174
8
328
158
236
107
236
141
154
202
63
36
85
151
160
85
123
119
255
244
184
247
215
125
204
115
200
43
166
202
135
97
141
292
152
34
242
117
202
246
173
284
25
200
98
146
246
202
111
217
117
125
231
116
107
247
223
25
111
107
223
285
128
274
321
140
94
264
111
153
319
118
236
53
98
110
329
63
247
40
137
255
183
267
292
240
274
118
16
257
34
128
118
264
247
20
268
168
63
239
236
314
285
200
115
262
26
98
119
127
190
85
97
53
82
307
82
251
329
240
200
118
4
118
236
94
151
247
304
97
236
202
240
117
231
212
9
146
8
36
41
220
71
247
136
34
20
50
184
107
137
25
123
65
307
236
160
85
51
193
271
202
17
107
98
242
296
174
290
119
151
123
280
168
247
184
243
240
261
27
307
177
76
111
168
66
236
219
274
118
118
2
43
200
202
236
292
143
313
243
92
219
103
106
168
129
34
97
217
168
285
249
85
31
285
121
205
34
27
174
66
98
98
184
264
128
151
160
161
226
126
151
34
82
211
243
53
111
38
34
264
4
220
184
207
36
111
243
184
22
200
140
22
264
229
136
2
98
97
162
251
2
194
202
285
285
246
255
39
264
304
251
184
152
85
37
40
183
285
111
265
39
184
111
144
36
240
58
97
318
40
74
257
158
166
316
218
71
111
184
233
201
307
151
34
97
111
211
160
209
271
211
264
236
118
4
301
236
161
41
97
107
98
72
304
144
329
82
2
36
73
41
269
174
291
316
2
111
39
34
161
160
281
34
168
308
146
257
208
217
118
97
177
161
97
111
298
212
183
33
270
200
249
84
62
307
170
211
174
53
302
166
161
63
64
209
97
274
202
161
236
183
41
43
324
53
107
240
247
40
160
151
257
111
319
161
60
219
91
119
97
66
240
324
247
211
161
258
143
271
181
203
243
307
155
31
298
160
170
285
198
202
118
184
160
314
211
247
266
4
117
157
304
168
211
44
301
278
159
247
328
117
236
153
229
243
271
4
249
53
63
148
265
111
23
168
290
31
73
85
304
202
161
200
31
2
236
82
141
292
292
31
69
100
236
124
236
170
111
227
107
328
200
219
219
240
63
116
40
144
225
37
290
152
39
4
308
34
184
155
249
107
85
264
118
236
202
297
100
247
184
152
183
190
257
85
236
264
236
117
136
316
53
271
4
247
40
34
249
36
152
34
85
161
85
202
82
73
82
248
289
236
148
240
247
152
43
173
236
111
257
239
161
132
151
273
40
133
196
39
53
37
221
321
125
202
41
152
107
246
202
190
128
236
292
117
141
271
177
192
153
202
209
33
236
118
111
281
111
177
4
115
247
257
107
161
183
151
62
31
247
271
65
302
161
236
97
118
200
88
2
97
67
65
305
42
4
141
34
8
140
184
200
97
111
184
232
41
326
248
4
117
4
115
20
205
170
161
161
33
27
22
161
111
43
302
209
236
168
30
184
85
200
240
111
151
321
208
236
202
151
213
160
181
98
85
240
248
211
226
118
236
296
174
40
34
247
257
11
31
247
243
236
307
53
4
41
16
166
184
164
111
4
107
25
4
194
247
211
265
160
107
184
152
40
183
184
97
184
170
111
161
164
85
305
39
307
286
34
118
97
227
118
111
118
211
175
249
98
82
82
308
206
118
231
34
82
85
116
111
295
219
84
277
329
62
161
247
247
82
34
229
82
63
78
8
63
211
118
169
83
324
148
34
184
173
282
232
53
141
290
111
257
40
97
111
36
268
234
236
225
97
41
236
155
292
82
27
202
200
63
247
111
40
33
151
273
140
135
34
202
161
247
184
314
264
264
329
97
118
85
14
111
184
63
4
34
240
227
271
219
240
236
292
190
82
2
217
161
37
164
39
331
190
36
140
161
184
271
84
63
236
5
229
258
290
34
36
177
296
247
34
161
154
171
36
41
202
271
98
169
41
238
266
111
218
202
321
140
166
177
155
2
160
236
247
59
236
236
247
229
106
151
98
126
316
225
82
118
316
161
31
151
289
219
111
160
110
202
184
197
264
4
217
201
25
257
152
97
324
98
170
97
107
184
2
194
82
166
117
236
217
207
69
41
218
53
96
151
123
174
4
37
200
136
246
174
202
118
240
200
37
82
107
285
119
120
98
243
53
140
151
284
248
161
226
82
97
236
200
217
2
36
151
37
219
160
8
187
123
107
174
140
97
118
292
247
21
319
120
181
136
118
243
247
319
183
41
107
183
211
31
34
160
51
4
111
161
211
206
313
141
136
22
181
21
34
23
289
128
97
135
304
34
97
242
200
85
85
247
161
236
27
126
200
225
22
63
247
135
236
249
202
82
174
97
111
100
156
247
10
190
131
236
240
288
66
202
40
20
31
174
82
74
118
115
31
236
39
40
85
257
34
53
204
118
31
152
255
151
111
160
262
292
190
116
111
151
151
329
97
307
200
271
177
307
200
200
219
272
240
171
97
118
169
25
109
24
151
133
153
19
257
21
151
278
108
43
218
271
151
243
107
63
321
164
152
107
20
220
236
111
316
117
85
207
285
4
211
155
126
53
63
227
211
265
91
23
151
312
5
85
183
166
151
2
265
264
240
63
31
264
307
200
200
324
66
285
227
25
202
282
91
39
223
285
164
200
66
20
39
211
235
40
119
53
97
285
111
151
169
221
264
250
218
200
285
107
243
65
118
115
164
31
212
266
229
257
31
36
144
205
110
285
153
219
307
85
76
111
97
257
85
160
118
125
144
154
106
107
161
160
316
202
319
119
236
152
211
85
264
200
257
119
242
271
118
37
63
285
151
85
4
177
111
94
82
247
21
2
186
184
211
37
231
284
125
307
140
329
41
151
118
118
82
229
31
111
88
219
40
236
73
155
117
20
271
40
271
43
202
73
151
152
183
151
107
160
29
31
123
264
120
236
257
236
97
41
240
118
111
292
45
297
247
118
266
94
285
274
69
31
284
30
161
117
127
4
9
211
217
119
208
260
111
202
307
31
140
166
117
285
247
152
141
65
236
128
34
184
118
285
97
288
21
34
292
223
200
22
155
257
23
66
40
181
257
219
164
133
329
98
285
107
184
227
301
211
136
4
257
234
290
97
202
328
151
43
316
98
35
41
227
211
140
151
4
97
184
97
211
281
118
170
247
155
202
94
161
307
292
243
298
290
243
140
83
305
173
34
85
88
85
285
160
201
28
211
119
22
31
41
41
160
158
240
34
136
249
152
247
209
63
256
203
98
79
175
247
169
53
264
212
25
110
102
307
7
307
111
98
43
257
141
202
27
236
247
211
43
284
58
34
219
200
236
164
211
111
161
227
151
211
174
111
247
97
257
2
118
205
85
211
281
23
243
118
144
37
8
200
219
264
324
247
211
211
53
208
53
51
265
98
137
143
111
169
246
115
8
152
207
118
227
217
329
82
152
36
160
305
65
174
221
324
31
36
236
118
32
321
36
111
8
200
21
176
226
82
229
285
247
177
164
301
226
107
200
161
85
41
236
217
41
41
34
285
184
43
22
202
98
4
211
98
155
63
83
236
4
2
152
151
229
111
243
85
211
152
36
111
151
202
2
41
108
151
184
83
31
307
161
304
111
202
39
247
97
217
328
202
160
161
63
21
184
236
107
168
316
118
321
43
236
285
70
118
236
111
111
190
173
257
236
229
262
97
253
8
4
40
134
202
231
125
66
111
88
219
174
23
148
292
97
227
34
43
271
145
212
261
159
215
202
184
4
277
98
324
3
223
319
94
107
201
63
247
200
22
223
320
39
243
307
184
211
151
207
118
118
119
39
31
98
177
153
329
118
275
40
244
205
30
307
200
43
285
37
7
111
313
118
97
151
39
227
20
236
41
39
253
104
115
321
211
152
98
63
247
282
203
34
212
104
41
142
144
31
148
23
141
97
161
316
160
36
277
37
183
222
118
140
285
8
151
262
319
53
98
66
249
226
17
125
119
258
258
324
97
181
247
31
4
74
190
71
204
136
63
135
226
211
34
184
4
1
217
229
171
240
35
202
71
247
6
126
153
20
235
200
161
118
161
153
200
251
152
111
219
207
82
118
168
281
27
211
23
265
161
236
168
181
177
285
98
200
98
247
25
68
241
229
247
205
23
97
118
160
319
40
63
289
331
106
151
118
160
160
148
53
33
115
161
166
4
40
184
118
53
247
111
98
34
247
128
231
111
160
209
31
140
126
200
63
246
36
195
277
94
200
161
34
65
98
265
71
227
194
2
37
183
63
95
166
202
164
329
85
308
81
34
236
34
40
117
277
84
151
236
249
123
118
25
118
151
151
98
118
5
85
304
107
136
111
85
236
240
128
40
85
152
308
31
151
254
211
177
160
97
20
184
111
155
63
25
107
181
34
149
98
271
202
140
82
304
168
209
211
125
34
130
271
168
298
236
117
56
191
85
187
40
118
184
257
71
164
184
247
247
184
117
82
36
41
31
152
209
161
40
177
236
111
50
243
151
152
190
31
236
62
236
236
98
247
285
98
97
164
200
152
236
247
41
190
184
177
136
34
200
236
209
246
34
22
25
266
219
200
240
164
30
97
202
307
292
82
241
304
36
152
97
134
202
138
82
168
85
209
63
117
1
285
21
290
285
320
209
39
236
41
152
304
34
151
36
202
236
174
253
307
155
281
36
236
231
227
247
31
151
85
247
229
184
82
4
2
173
272
111
264
111
236
31
136
236
2
213
164
171
118
40
304
225
236
151
292
202
43
111
21
160
211
4
164
82
97
184
158
118
316
36
118
257
208
148
97
152
229
202
247
2
197
329
50
307
4
170
39
98
41
82
41
170
98
27
321
223
39
41
169
152
216
278
292
53
160
41
107
184
152
247
39
22
140
2
247
34
151
311
271
277
118
111
128
151
218
247
285
160
4
217
168
240
160
219
43
227
25
98
321
117
2
29
151
236
118
219
118
160
43
85
2
184
154
98
265
305
140
111
290
82
197
85
40
184
247
22
85
107
257
118
161
63
152
111
151
226
231
106
118
152
118
118
160
141
135
229
63
39
261
304
20
2
209
169
161
148
82
258
183
118
319
220
247
247
243
94
219
321
204
34
171
320
227
34
176
257
269
319
119
156
152
168
227
82
219
205
97
307
82
307
160
2
107
211
271
190
262
111
211
41
118
30
82
37
264
82
151
123
308
162
271
189
247
211
155
168
203
21
118
308
115
272
43
34
294
16
2
43
181
41
219
151
4
118
181
329
141
139
22
221
258
5
40
202
85
190
255
151
181
152
182
155
53
183
85
211
155
236
111
203
247
41
41
190
207
118
227
236
39
110
164
271
82
118
118
111
255
321
111
30
285
240
181
188
79
160
152
25
202
248
34
37
307
40
41
190
151
127
26
65
164
97
183
125
162
36
137
168
207
66
111
202
320
109
229
195
110
151
34
247
111
7
136
98
111
181
25
115
63
76
155
202
125
240
118
40
295
4
4
321
118
240
118
227
104
203
281
184
118
325
4
151
219
152
85
30
308
259
39
39
98
278
76
202
160
285
40
223
234
174
111
307
194
118
111
111
97
63
292
207
177
82
34
325
219
218
85
236
236
251
71
282
164
9
151
79
117
313
94
197
219
236
132
176
39
226
202
152
227
115
305
98
21
307
118
125
315
151
41
200
227
40
227
47
202
212
41
153
158
118
85
178
184
183
313
160
152
236
82
36
257
40
8
323
255
152
262
211
107
31
236
136
118
111
292
40
44
304
247
118
97
200
307
118
247
240
34
115
65
247
155
153
184
106
247
155
202
240
107
118
169
23
257
272
39
33
144
247
211
205
63
34
25
221
2
195
27
22
39
247
205
190
223
111
107
2
152
118
34
53
76
53
85
118
117
236
59
160
82
98
85
201
247
271
217
31
190
247
119
18
41
55
107
97
296
151
236
217
236
2
39
219
34
211
183
33
285
211
203
107
94
41
111
200
200
82
111
76
316
227
240
117
200
2
84
63
39
36
118
107
82
118
193
227
85
63
240
285
63
153
158
263
98
108
85
88
153
135
170
118
118
41
115
200
63
184
123
247
240
202
284
40
236
278
236
118
194
307
37
40
155
5
118
31
41
111
161
31
307
329
41
200
329
118
30
217
202
107
97
219
8
94
151
30
119
307
257
107
184
174
119
118
265
200
269
148
236
2
137
244
177
221
211
271
123
329
324
39
152
219
247
204
2
143
244
4
271
107
118
25
236
118
8
41
111
107
30
140
4
161
63
25
271
251
83
151
285
4
63
39
226
202
314
119
118
128
40
40
27
247
292
2
105
155
40
25
118
155
34
31
172
144
205
247
314
160
34
97
317
97
211
118
88
36
5
247
200
158
176
271
132
111
140
202
118
257
240
63
307
91
39
79
211
155
118
144
118
160
229
229
85
189
53
36
117
152
240
236
200
126
229
271
187
223
28
211
202
247
128
40
37
31
43
175
108
65
25
184
147
329
118
205
286
107
236
65
53
305
117
202
211
265
247
184
244
136
115
287
183
2
23
321
304
123
63
305
40
190
152
36
41
223
279
118
118
246
31
2
2
223
34
297
200
183
236
184
307
118
219
37
229
168
301
202
173
255
247
151
202
200
82
2
39
126
118
82
133
301
23
27
119
307
94
73
22
240
85
85
134
21
151
236
202
21
295
183
151
252
243
203
63
107
62
82
97
119
36
160
34
39
34
4
248
82
8
97
125
190
2
329
257
152
307
111
34
66
314
7
211
271
82
107
152
31
209
247
271
240
257
38
296
290
184
321
34
174
60
97
70
111
118
236
211
190
98
329
174
34
40
185
56
98
151
236
128
111
236
264
285
190
4
119
117
97
40
160
25
247
183
243
329
160
111
4
4
307
4
320
76
217
41
292
21
161
314
243
164
11
218
111
247
307
34
151
107
236
308
236
118
40
166
329
118
157
34
97
165
39
211
40
229
75
116
40
236
30
106
125
219
164
247
39
190
211
247
169
285
200
140
238
66
48
246
166
2
151
111
111
255
190
148
236
37
118
231
240
34
290
62
164
148
123
211
21
211
319
236
177
200
31
207
40
285
236
211
207
183
257
118
85
4
123
4
31
85
65
151
31
200
229
41
53
168
107
174
151
281
63
41
41
236
107
281
34
31
240
97
202
174
202
31
236
161
111
236
228
34
148
41
82
41
115
219
265
272
257
39
118
116
39
34
202
118
39
205
246
247
22
289
118
227
118
118
118
166
247
62
329
140
111
307
247
186
197
151
31
208
184
285
169
271
31
76
13
116
85
223
151
107
116
118
34
240
173
175
34
212
190
200
161
31
292
41
174
125
223
39
229
200
202
63
264
314
292
275
211
211
8
34
320
97
281
277
249
324
97
164
34
275
329
152
202
21
39
40
200
236
184
223
34
118
31
123
208
118
151
264
130
174
307
152
223
236
247
111
316
219
4
41
9
277
23
39
4
25
54
236
257
98
118
261
316
211
39
97
161
236
161
247
202
321
174
111
25
298
328
155
211
255
34
63
8
85
63
63
63
118
23
316
80
211
34
261
144
240
38
25
319
107
152
256
33
7
22
289
247
77
152
202
84
25
226
236
84
164
155
240
31
41
40
247
17
107
59
259
98
280
257
319
314
160
205
4
140
140
20
97
65
152
118
39
4
292
4
219
200
152
97
292
247
229
247
39
291
23
97
208
43
181
39
219
34
30
282
183
59
53
152
107
272
292
151
211
169
212
52
107
31
40
257
219
97
107
4
41
38
151
319
41
175
200
292
229
221
229
200
34
242
140
25
292
184
160
144
125
236
53
53
295
98
107
98
97
261
20
31
246
107
320
85
292
111
34
158
247
285
219
174
221
220
63
164
39
302
82
132
226
155
181
157
20
236
41
324
118
160
184
236
53
225
161
39
91
27
308
140
161
285
321
281
118
136
82
85
151
164
169
285
34
304
207
111
296
236
217
227
183
316
319
31
65
164
319
97
307
257
40
200
255
247
4
177
97
125
217
97
175
34
202
56
97
166
217
27
118
82
168
236
253
34
66
316
161
207
111
33
118
17
148
285
208
229
276
82
39
242
118
284
39
140
134
227
209
227
36
97
184
184
23
98
236
63
161
285
154
200
236
25
39
174
8
229
166
160
236
123
161
290
247
161
111
2
236
146
243
37
40
227
31
37
22
141
193
25
42
41
74
236
23
107
156
39
153
329
197
211
40
236
202
161
34
161
190
211
223
183
166
264
40
36
308
41
217
8
85
40
56
181
85
190
247
236
227
169
116
277
166
136
117
107
31
223
39
239
227
87
85
280
132
271
2
229
181
160
20
174
236
329
295
118
31
208
219
243
56
190
197
153
277
151
40
40
219
184
203
84
316
119
190
82
98
174
36
2
277
226
289
98
308
36
107
314
211
21
151
111
20
164
141
123
151
65
219
144
82
115
187
116
202
211
66
202
199
108
285
34
200
111
39
63
202
189
272
166
41
136
118
265
307
107
266
307
118
37
105
107
30
36
183
160
236
111
307
319
13
227
255
273
253
296
151
4
118
307
183
134
41
277
34
4
282
82
271
118
115
74
151
264
112
77
202
4
111
329
253
202
42
86
21
111
275
140
236
209
202
118
4
182
34
79
5
236
111
36
161
98
116
264
98
153
34
33
176
35
227
212
34
257
211
111
134
63
118
229
247
115
240
34
240
236
227
227
37
137
74
126
266
40
34
2
153
31
217
114
202
319
65
118
4
25
22
323
155
34
249
118
231
119
118
275
37
53
152
166
205
324
25
219
211
53
280
74
53
117
119
314
111
111
184
137
285
30
107
118
85
118
118
4
85
217
155
82
187
223
161
4
223
126
265
251
257
280
43
160
271
209
211
244
118
202
40
200
34
152
151
8
266
271
285
236
111
243
25
120
169
34
298
161
140
140
271
160
85
63
202
151
23
155
111
285
39
98
115
41
292
97
119
202
21
227
324
36
164
177
34
111
39
118
63
118
39
264
22
218
118
63
97
257
271
285
173
219
202
41
271
97
63
151
296
152
144
166
227
54
46
231
133
30
184
203
34
184
285
258
212
247
183
76
247
98
285
22
82
161
184
20
229
211
63
203
168
292
71
4
107
70
247
298
316
52
4
300
229
94
155
202
34
109
160
73
238
66
36
246
8
111
187
229
240
271
174
307
97
34
277
316
94
109
257
100
257
236
118
307
25
111
161
63
190
234
40
118
155
236
107
97
240
202
118
25
2
304
224
296
319
97
34
118
289
41
265
177
331
31
39
155
27
257
305
118
181
151
160
236
265
85
40
247
76
34
63
153
37
118
97
74
34
243
39
91
307
161
307
247
111
17
174
177
247
140
118
123
149
118
34
151
236
211
160
63
202
98
118
209
197
161
40
249
118
151
161
128
200
227
207
4
22
178
255
37
233
164
257
152
39
107
31
227
151
36
246
61
40
155
292
118
184
93
118
151
164
161
296
270
184
148
236
38
246
320
25
4
183
34
236
236
194
190
4
205
219
212
202
97
41
152
82
247
154
271
34
82
211
202
110
247
136
205
257
128
231
85
38
34
31
27
118
174
236
161
123
247
41
40
48
161
94
257
8
163
4
107
37
221
247
127
168
63
2
202
280
307
211
192
242
117
285
36
31
24
271
180
244
53
220
153
160
292
97
63
236
97
31
39
211
282
202
307
140
161
211
85
53
160
321
97
158
206
285
257
82
119
41
188
173
244
293
151
151
236
236
107
2
181
53
94
40
247
41
184
295
45
161
37
116
36
118
155
63
285
174
229
37
257
34
37
200
258
119
200
184
107
37
144
264
111
66
2
202
38
115
169
63
217
63
247
31
211
236
280
118
285
194
23
117
308
201
117
63
296
126
249
168
41
251
227
236
42
255
269
21
151
247
297
94
107
321
62
63
40
308
34
136
152
76
118
34
126
98
265
125
243
117
111
152
153
97
211
254
231
255
118
226
4
200
34
107
53
111
219
66
247
151
118
97
160
27
144
98
74
236
227
71
185
1
111
316
209
264
232
8
240
257
240
53
308
277
177
151
200
2
200
31
25
94
34
98
151
36
154
126
200
257
160
285
152
117
223
97
258
262
126
292
151
244
160
155
220
211
243
240
37
247
107
31
151
160
322
94
181
247
31
257
34
25
41
118
174
118
236
25
258
205
227
119
63
140
184
74
34
277
94
36
39
229
243
211
2
136
202
211
125
4
140
155
190
111
268
208
53
183
274
171
122
280
197
288
269
171
74
154
275
124
188
50
194
320
74
63
263
22
288
222
108
316
285
39
259
255
229
121
226
60
327
324
310
224
249
302
97
21
246
284
13
105
24
186
145
86
83
106
253
243
141
319
300
228
304
121
22
55
210
128
150
310
16
153
47
239
179
241
238
254
302
164
209
159
101
58
169
198
288
200
87
126
44
287
26
315
114
132
330
272
148
269
99
94
172
48
176
216
276
268
41
226
321
328
15
290
239
8
267
303
66
142
261
71
63
259
310
330
129
243
240
154
289
251
106
285
11
196
48
325
287
73
300
138
236
125
72
88
34
38
33
195
12
23
113
266
268
199
200
128
188
223
6
327
170
133
47
14
79
47
299
90
330
67
86
223
307
170
140
224
121
90
31
200
129
53
6
193
185
120
120
7
170
295
141
216
0
76
320
39
267
240
54
170
191
75
283
318
183
139
27
37
260
167
278
227
303
150
300
50
292
163
158
219
67
240
318
176
13
13
309
24
49
218
267
282
190
197
219
244
174
128
327
264
19
225
176
97
96
178
144
81
72
141
204
171
45
178
63
320
302
211
151
203
241
178
192
310
69
95
36
242
318
290
92
29
232
189
172
183
60
104
251
288
191
58
7
308
163
264
268
135
137
231
252
91
331
27
319
150
62
230
90
9
83
29
235
303
203
82
60
256
55
119
279
173
185
144
265
21
128
278
129
253
42
145
128
114
275
276
146
249
99
47
20
86
230
238
265
232
151
99
324
199
320
189
292
117
158
15
115
104
124
64
245
157
199
67
197
261
262
44
229
94
281
23
73
237
151
311
296
299
282
48
216
113
1
304
320
226
282
42
62
229
118
316
322
188
296
230
128
18
88
226
306
26
298
227
321
258
35
323
215
17
299
208
280
130
316
300
271
241
77
228
58
85
215
205
272
279
183
311
154
200
164
127
76
249
44
250
221
48
18
103
211
233
323
7
272
157
307
267
65
126
246
25
323
112
224
111
56
94
266
165
189
21
292
327
72
176
97
258
148
141
323
309
73
91
85
2
312
204
73
9
192
257
235
200
322
251
234
32
219
165
141
247
332
184
113
139
318
313
166
264
175
61
145
287
208
272
325
224
18
235
196
190
198
147
128
68
255
298
26
208
43
164
19
95
275
81
180
89
157
98
100
283
200
60
95
32
65
202
256
27
328
133
133
193
182
142
175
269
4
321
65
268
89
59
320
77
133
296
289
322
216
132
117
300
194
303
109
308
281
286
201
116
289
251
316
179
110
66
112
228
219
251
163
179
177
157
26
2
71
141
160
277
81
148
2
212
332
187
316
121
194
27
267
198
272
142
172
133
31
144
256
328
129
85
48
258
89
268
196
216
199
83
97
11
31
326
139
159
223
254
19
64
278
19
299
292
58
312
272
291
100
51
100
74
319
40
229
107
186
126
173
45
240
271
44
76
1
3
10
236
196
187
121
195
125
283
199
126
319
134
9
308
132
119
282
6
222
46
135
61
219
238
69
206
312
255
30
204
119
332
328
211
116
108
322
206
181
143
288
290
263
109
202
48
159
278
117
108
252
171
257
282
220
326
81
170
19
181
222
327
205
2
304
158
106
41
220
168
85
121
99
102
162
274
40
72
220
122
44
241
51
135
171
56
316
162
17
325
273
217
326
5
155
62
264
278
183
171
75
49
300
94
162
317
300
220
248
227
48
262
133
272
283
263
246
259
76
176
162
175
43
106
309
43
175
226
330
94
196
32
37
170
327
126
116
174
288
110
69
225
17
242
18
37
99
106
213
128
143
276
128
166
133
32
3
191
282
37
57
268
280
118
203
216
123
169
202
313
244
22
77
263
304
63
130
5
162
121
280
277
3
244
272
264
30
280
176
304
298
54
112
169
76
57
37
25
255
0
213
67
56
323
311
63
146
32
21
46
316
295
319
52
276
161
145
139
73
220
47
201
287
191
234
145
32
266
31
162
299
109
292
15
134
171
104
188
230
208
219
305
312
230
250
194
237
93
179
155
246
276
14
66
0
41
261
233
35
298
179
154
25
42
178
247
140
229
23
268
286
91
260
49
304
8
43
8
302
326
66
319
263
179
297
52
69
246
274
94
131
121
252
308
30
227
84
132
255
260
304
146
325
330
162
194
78
38
3
184
297
157
134
6
216
318
67
228
292
169
256
332
66
310
250
230
103
107
270
312
21
11
96
201
275
183
318
220
286
15
17
283
60
77
132
178
285
293
129
324
318
85
147
132
31
329
250
198
25
57
159
167
214
183
35
237
178
190
145
77
157
117
150
329
253
94
230
210
308
45
283
225
228
238
279
67
228
85
194
253
236
98
280
1
58
280
322
127
160
156
225
221
284
139
149
319
137
325
15
261
122
220
46
47
134
52
304
62
332
275
71
140
285
15
192
88
233
257
167
104
315
27
327
248
193
231
78
5
245
163
264
214
191
163
246
248
149
171
285
70
290
140
168
188
182
49
30
220
176
32
198
109
284
116
299
9
127
273
321
119
28
162
199
236
200
234
29
170
78
144
96
19
141
0
99
262
159
315
167
268
132
190
280
40
216
84
41
263
34
133
261
61
284
159
212
49
278
328
305
310
28
152
221
95
55
69
177
249
300
329
74
260
89
269
292
6
156
31
26
79
31
113
189
195
82
247
282
238
188
134
150
208
0
77
38
187
42
63
57
67
193
287
206
307
283
95
260
197
311
257
65
150
158
330
125
294
219
69
147
324
13
212
230
278
135
82
173
38
226
28
220
175
288
28
316
331
40
9
171
56
257
319
64
248
220
114
244
283
69
223
183
76
41
238
39
206
276
200
186
94
289
182
73
310
115
198
278
271
42
81
292
150
70
149
5
24
266
37
272
41
319
175
160
176
40
313
184
9
5
2
106
330
81
245
14
84
60
141
223
112
305
286
13
279
328
96
13
121
137
5
254
20
287
229
259
22
28
232
24
298
268
322
204
94
66
104
178
41
254
122
7
269
98
187
210
270
201
263
188
78
268
51
210
73
165
0
210
19
318
187
0
251
148
103
49
141
277
217
114
56
109
84
16
298
80
60
76
148
171
301
38
149
68
122
153
12
132
150
109
313
313
17
128
206
59
215
156
120
34
255
286
268
199
27
264
49
55
179
289
262
276
231
312
214
22
46
178
81
106
60
25
128
104
46
179
67
36
99
139
165
284
131
62
237
239
251
330
83
279
269
284
181
186
141
26
129
149
158
213
149
226
110
35
315
248
35
152
155
192
275
331
293
119
99
324
293
102
295
145
100
22
115
110
190
38
330
22
292
7
69
147
234
103
206
327
18
192
306
217
186
260
281
97
139
74
150
217
155
43
183
28
272
199
311
305
245
241
182
157
205
112
84
300
66
239
207
291
137
61
282
247
246
229
149
121
33
41
218
180
268
195
187
183
226
286
142
98
3
83
144
188
330
275
125
202
76
137
83
285
142
275
188
38
317
50
300
183
293
34
27
4
180
209
35
42
297
255
209
11
13
147
135
129
142
118
189
129
171
105
74
179
283
63
194
306
32
28
184
57
289
298
174
87
284
51
33
197
15
48
195
299
283
227
233
279
71
143
67
10
141
28
3
7
141
279
291
21
274
132
245
24
7
205
84
103
124
165
166
262
211
318
293
147
104
196
312
328
87
199
135
197
119
295
95
184
150
149
266
320
189
64
286
32
98
313
241
252
225
192
206
106
45
290
141
168
52
250
95
141
330
250
278
145
246
120
19
289
22
273
325
83
215
163
182
119
263
150
127
258
154
38
60
313
59
250
304
319
331
45
178
251
157
309
156
55
212
85
58
273
266
42
69
35
214
217
18
47
155
39
177
196
125
102
42
163
244
179
71
76
98
110
42
122
6
26
22
273
205
256
6
19
217
282
242
277
35
160
7
85
155
320
211
177
50
161
22
221
107
142
75
149
204
67
15
30
25
83
154
130
112
264
208
204
317
317
96
256
289
95
11
130
246
284
95
268
227
240
63
187
218
142
22
62
2
235
330
279
176
283
193
17
187
318
108
275
228
222
56
49
54
26
282
232
80
264
318
137
6
86
168
250
80
118
87
122
146
57
269
318
45
119
189
93
13
126
226
96
188
208
16
192
201
20
53
96
64
212
158
89
91
15
77
65
206
278
315
244
94
63
276
97
256
76
249
307
60
69
199
225
182
292
107
9
267
121
265
167
141
258
217
29
77
128
9
2
220
57
179
20
254
10
240
201
117
64
13
200
318
238
139
52
78
19
295
178
186
67
237
150
239
251
62
203
204
238
302
201
198
248
148
310
254
300
93
106
3
86
312
85
87
3
205
245
330
60
178
138
192
37
202
2
164
240
64
13
147
113
18
284
35
183
84
324
26
88
242
77
118
185
266
6
315
30
117
86
11
257
62
270
4
80
188
281
172
107
293
308
165
282
273
44
18
191
292
329
99
315
16
204
217
65
98
34
175
1
262
1
133
250
332
192
158
299
235
278
86
235
327
314
77
238
317
204
59
294
276
112
148
31
238
114
306
278
74
283
102
126
196
157
190
38
151
122
137
77
222
118
232
241
258
217
42
21
129
219
252
157
165
8
273
120
178
238
193
222
106
26
215
175
309
47
245
231
276
84
58
138
165
215
109
245
178
115
101
91
59
158
47
282
255
323
278
161
215
246
43
114
166
313
316
103
323
89
280
171
254
262
114
142
250
196
62
148
270
302
174
142
18
286
320
299
234
268
231
316
134
64
113
99
134
12
135
295
28
312
195
32
225
207
179
183
264
156
252
56
211
106
130
92
307
142
259
285
273
41
181
176
197
145
317
319
65
244
161
94
157
0
53
331
316
116
83
252
171
16
91
149
96
7
68
203
27
258
120
326
47
246
187
233
325
131
144
166
300
196
310
243
21
282
87
148
127
270
321
324
299
226
213
169
11
277
3
213
312
141
226
21
97
167
292
42
137
192
96
95
2
17
284
176
44
35
185
286
57
319
21
27
135
191
204
226
168
75
30
255
301
282
112
3
298
244
178
262
140
304
327
269
299
117
164
62
96
89
273
208
231
66
117
150
44
52
308
138
271
192
238
16
311
313
286
281
219
210
181
157
238
253
298
95
265
51
134
198
95
18
82
131
245
331
46
165
319
238
142
287
124
235
69
164
73
244
174
325
143
63
144
312
269
96
85
121
112
249
243
50
178
203
103
48
297
321
324
210
112
36
37
241
251
159
205
274
54
297
308
114
180
141
68
156
199
138
61
233
184
324
266
6
159
57
247
311
207
159
273
78
231
295
51
184
282
145
81
302
70
243
327
240
15
80
307
58
91
330
277
2
13
71
328
213
267
52
330
16
229
108
182
156
163
102
306
102
219
180
238
235
51
154
176
262
165
330
280
182
240
57
259
167
154
246
11
131
307
285
0
172
213
219
2
166
180
37
230
108
28
291
187
175
76
179
167
104
119
55
115
206
98
64
113
174
260
299
106
248
320
37
55
66
112
53
72
59
245
19
39
20
216
276
288
279
142
156
189
21
63
11
264
68
328
304
76
127
209
25
127
282
140
260
120
96
22
146
238
236
76
87
125
143
163
38
79
238
281
198
237
88
208
151
322
116
208
252
265
184
15
251
71
305
26
310
222
287
74
275
67
213
43
131
300
290
288
198
234
121
101
16
155
165
215
63
76
27
239
239
25
230
196
289
27
311
250
81
28
131
308
0
164
186
50
332
6
83
87
96
26
213
188
32
311
57
205
58
109
23
274
260
274
202
184
181
28
272
234
69
97
68
274
110
308
117
110
238
221
87
318
312
103
1
31
278
294
302
190
55
66
93
172
23
122
296
260
215
126
33
83
83
107
178
175
128
10
107
296
54
171
95
215
15
89
167
176
234
35
68
193
273
87
114
285
300
160
0
292
78
132
289
105
116
127
137
181
1
66
191
13
328
114
319
130
282
201
294
226
321
58
274
204
241
224
316
76
166
12
314
222
180
275
290
32
317
229
210
43
216
202
240
308
1
136
220
278
140
0
28
117
50
215
182
230
150
308
158
244
92
324
232
241
92
170
293
58
297
144
123
235
73
281
274
320
100
68
159
101
57
123
3
206
280
103
98
161
32
275
262
96
43
30
121
184
159
256
214
54
85
257
270
148
147
134
236
280
213
255
23
275
217
78
76
310
117
93
6
270
176
232
42
126
276
104
250
115
164
61
216
91
36
19
249
147
210
108
46
301
88
134
46
299
279
231
327
131
189
135
72
246
212
85
45
328
222
312
80
165
294
147
273
219
62
117
86
120
314
116
320
294
237
50
255
125
57
88
232
315
237
81
192
308
289
48
238
134
36
125
275
322
175
328
27
270
12
17
314
74
276
198
242
265
57
328
218
62
191
78
145
72
96
262
96
181
276
76
250
245
219
290
321
296
202
123
197
211
225
137
49
329
298
322
122
113
305
198
172
23
50
21
260
289
5
19
253
60
7
57
207
211
52
222
187
286
258
26
80
207
143
49
306
100
93
37
77
101
316
250
141
17
260
259
104
21
278
240
95
268
153
61
169
19
124
144
290
264
16
55
234
303
177
5
100
142
59
296
313
40
144
295
304
88
167
35
124
248
54
46
134
272
256
226
291
184
120
253
212
183
59
216
249
225
54
33
212
286
324
32
68
64
101
130
212
254
123
1
305
51
137
68
78
169
18
65
0
109
314
221
103
287
128
157
320
210
227
76
48
314
191
324
159
2
233
95
14
188
216
120
71
163
65
39
301
54
192
19
330
288
213
133
0
287
124
263
270
188
326
2
27
42
197
261
221
21
133
194
211
324
151
105
210
259
126
288
328
177
305
252
157
221
41
145
302
75
6
315
2
313
259
202
169
87
80
115
239
328
46
63
73
61
171
148
323
71
255
112
49
159
46
259
280
212
303
183
8
14
7
256
257
42
170
228
257
185
312
156
60
41
301
263
316
67
175
110
204
243
193
331
174
312
228
315
20
121
233
214
294
295
238
28
282
312
140
173
239
295
21
148
38
323
177
311
11
246
28
305
210
313
109
47
139
270
209
46
260
190
72
170
47
108
278
255
91
273
149
169
22
329
94
329
172
128
330
323
232
318
131
81
119
144
108
111
171
307
137
256
45
276
101
207
154
111
303
13
321
295
110
73
83
324
207
13
164
237
41
49
248
231
251
219
162
113
124
119
168
96
217
226
13
318
191
264
304
309
50
15
140
284
126
144
154
10
128
5
222
328
93
120
188
11
198
195
43
93
19
139
77
160
86
265
40
2
262
61
285
299
289
302
314
250
119
99
101
260
330
8
79
194
117
131
32
187
135
264
310
102
144
81
287
299
12
243
51
242
18
163
231
305
32
143
258
305
195
279
111
102
109
47
20
112
133
140
273
308
19
153
256
156
173
39
75
157
123
177
155
256
239
9
124
148
69
5
272
206
3
261
77
28
223
148
219
308
318
29
205
241
266
116
51
125
199
204
41
234
224
199
270
52
7
108
134
49
11
243
246
208
223
51
226
149
300
117
302
278
315
312
15
43
113
108
245
319
228
51
80
255
138
73
241
104
149
31
91
274
259
271
304
25
271
248
30
40
264
166
302
295
7
73
73
311
89
265
264
322
219
78
46
22
51
228
101
279
186
122
149
86
46
172
16
0
144
26
263
142
307
322
209
147
6
131
98
159
300
257
142
109
152
256
200
113
36
58
29
147
238
175
69
251
60
134
231
131
286
279
69
88
283
325
55
314
225
64
8
70
267
102
49
63
164
319
295
0
126
225
278
107
139
218
240
319
250
191
259
189
47
11
230
91
86
76
94
302
97
35
324
133
246
79
304
140
166
78
73
37
275
46
300
248
119
289
72
243
204
163
201
81
196
255
65
312
321
167
43
268
20
117
41
31
60
282
36
211
64
198
184
101
308
119
230
324
25
148
180
64
47
248
305
1
237
44
289
329
160
236
318
47
143
140
299
238
135
84
255
46
326
203
275
306
78
250
187
294
287
259
24
198
20
229
16
308
65
309
93
67
136
123
307
48
190
151
271
215
260
47
254
147
100
150
195
262
49
21
227
332
301
0
18
145
100
253
260
154
277
109
287
230
166
75
103
230
186
322
328
128
185
42
65
49
298
274
305
7
43
286
112
314
139
49
197
141
258
34
240
313
103
63
295
235
161
331
8
103
190
322
79
108
159
305
4
323
277
191
203
148
290
142
46
93
311
37
262
325
327
45
303
142
18
76
98
280
83
218
76
318
164
132
230
134
331
78
307
56
253
270
34
258
311
48
297
117
114
73
153
217
181
263
112
303
233
133
134
101
116
60
80
9
226
45
68
131
141
15
171
103
116
113
61
224
107
321
183
93
128
147
255
228
42
40
217
200
270
188
38
243
318
216
306
229
30
60
264
317
79
307
84
110
38
138
0
237
202
248
165
125
159
248
48
99
125
261
313
20
249
283
93
106
117
54
298
246
3
324
307
320
133
162
18
86
232
231
327
323
146
48
41
227
116
64
122
173
120
305
2
66
43
284
189
56
309
16
233
62
37
313
205
330
60
69
100
82
148
225
242
168
134
107
112
60
259
224
289
134
190
168
305
129
229
199
166
267
279
59
154
140
229
48
224
210
162
153
141
92
300
204
205
180
330
177
39
260
112
292
181
167
81
286
121
323
133
294
243
180
182
196
18
254
44
120
78
293
285
314
235
120
173
202
7
123
157
197
162
252
290
108
215
13
309
148
277
232
323
242
27
30
168
213
204
152
203
158
9
101
30
281
1
73
75
77
100
94
116
164
59
284
186
34
301
51
151
130
94
318
90
172
57
279
35
189
240
18
61
221
312
48
138
221
287
116
90
100
122
98
302
285
134
67
20
138
136
191
8
41
147
143
33
181
99
129
289
302
259
270
208
327
212
310
189
251
148
186
12
197
187
44
12
193
225
114
123
115
241
201
253
209
161
130
186
101
112
135
301
130
75
50
73
12
178
272
213
245
112
197
90
218
119
187
262
3
273
329
293
316
275
70
280
134
195
133
89
15
162
174
166
59
226
313
189
176
50
331
77
91
285
234
123
124
124
222
276
187
138
246
20
161
22
100
218
7
7
330
122
80
43
160
297
80
190
128
3
153
109
163
152
249
214
146
75
121
220
36
220
300
202
256
323
222
199
52
275
236
137
273
252
191
308
148
215
198
329
125
129
172
330
285
14
136
307
125
83
332
19
92
233
93
3
155
286
291
230
51
224
109
274
48
62
23
81
136
157
307
301
115
281
1
205
327
10
63
149
43
87
312
30
178
93
159
81
319
266
228
208
264
197
275
142
48
297
23
70
138
192
112
6
106
105
310
109
16
173
331
42
240
155
73
76
55
323
107
240
40
44
31
51
19
332
150
41
92
261
251
168
86
163
164
231
200
61
3
99
33
65
228
96
140
207
197
197
195
44
328
249
155
140
111
287
184
330
280
44
173
113
239
191
71
209
33
328
314
178
127
246
293
93
37
134
156
220
25
303
320
332
57
20
332
1
115
201
138
141
264
299
72
173
67
79
79
201
179
36
76
174
48
308
249
35
7
189
73
24
289
42
150
240
155
65
82
122
54
149
276
134
165
233
218
87
77
199
118
192
204
107
278
262
8
305
164
70
8
271
106
115
162
329
125
139
196
324
311
327
173
317
224
153
66
230
218
44
191
233
30
204
276
39
93
305
284
71
19
153
291
266
173
74
209
282
2
206
254
113
175
14
281
89
90
66
284
244
20
134
320
15
113
261
272
264
216
310
36
316
225
112
58
67
204
50
323
49
68
145
322
114
1
299
214
25
78
248
241
278
44
123
60
62
198
131
309
77
40
197
3
250
120
310
174
220
137
38
72
3
53
107
65
196
183
60
304
78
307
10
331
68
280
312
101
152
19
72
134
295
140
155
238
314
314
304
233
331
270
1
135
37
276
232
327
268
48
84
132
197
82
218
205
214
47
102
30
196
63
279
72
281
244
136
61
110
120
208
252
140
106
113
187
125
314
59
230
17
68
193
191
72
247
264
302
284
84
293
66
12
117
171
330
327
262
45
204
104
6
77
325
16
327
192
304
67
187
313
257
284
255
20
74
41
12
62
13
182
170
62
251
213
46
129
305
26
318
87
7
87
80
49
114
282
159
138
165
278
27
229
212
237
56
190
66
223
59
199
279
131
59
231
90
276
255
37
49
284
291
182
276
150
235
184
265
312
315
170
82
70
257
276
226
66
171
251
218
84
226
260
147
10
116
210
111
241
146
56
171
246
271
42
104
162
306
4
276
12
99
112
296
162
224
99
128
299
261
136
293
66
50
98
282
226
155
171
320
309
316
227
188
243
248
231
315
322
222
80
279
238
308
309
108
175
324
273
264
295
54
295
66
167
140
20
15
247
182
290
306
126
298
260
203
158
147
91
171
285
196
238
141
206
291
177
285
174
300
289
125
84
85
285
57
26
169
319
123
207
136
164
15
196
72
128
165
262
40
255
326
182
133
112
149
113
191
233
284
19
266
139
22
267
231
86
61
1
37
294
259
158
92
160
28
236
61
78
323
148
222
281
55
326
161
239
219
106
84
313
18
134
160
182
3
264
216
286
108
174
80
42
9
132
235
109
262
311
127
253
320
47
308
294
55
158
327
121
117
227
151
219
282
197
200
215
17
291
312
49
170
87
104
75
90
223
61
90
278
75
135
238
127
263
326
129
18
146
51
64
249
98
237
127
116
9
4
294
206
259
208
150
251
80
100
61
170
316
155
256
203
225
40
266
306
97
206
149
88
84
123
305
24
276
30
49
278
130
262
252
120
265
250
146
143
279
118
331
201
74
27
246
242
104
324
70
94
97
310
94
313
17
190
123
34
85
129
303
268
318
260
16
224
41
217
103
241
139
54
127
207
137
66
130
301
116
16
91
185
12
23
322
77
33
208
282
251
234
212
198
253
3
164
92
198
112
25
136
300
132
75
265
271
27
205
73
114
194
268
24
204
48
224
79
44
274
313
40
120
289
194
138
194
215
77
170
185
26
294
177
65
151
296
181
181
204
116
281
324
74
228
229
258
12
161
146
31
282
138
237
87
212
68
52
204
246
130
183
92
288
246
263
282
5
316
49
220
162
18
51
182
278
59
68
128
193
268
264
254
260
264
68
53
212
310
221
214
106
8
219
30
137
268
331
299
124
309
12
128
105
110
63
235
227
180
294
293
244
55
130
286
85
264
9
188
108
321
7
310
4
309
203
190
136
12
147
12
282
306
265
53
39
278
225
0
58
206
230
227
264
330
275
112
66
199
244
33
217
263
193
152
122
145
129
197
50
193
287
322
159
188
146
234
29
297
176
318
66
251
133
64
103
113
284
1
331
248
326
252
307
104
44
129
322
285
124
294
261
271
287
132
225
318
17
126
263
202
92
309
123
149
244
78
58
239
286
202
68
268
206
96
328
262
250
116
46
122
245
224
211
123
281
278
68
174
285
33
310
141
299
212
320
146
258
252
15
79
320
251
156
163
50
270
318
273
36
17
29
169
101
229
322
306
172
258
67
159
84
216
277
274
42
13
201
134
77
85
130
192
35
115
44
62
120
237
208
319
128
104
7
124
64
317
91
172
127
144
136
82
6
71
215
274
130
170
93
174
217
249
186
290
135
289
275
18
286
332
46
4
72
68
104
208
108
176
165
168
60
232
85
258
113
206
304
50
212
266
255
105
143
81
231
259
20
130
242
217
92
54
285
16
185
20
121
58
111
107
245
288
267
159
22
11
14
216
10
28
24
186
91
44
214
185
296
90
297
304
17
124
264
312
3
98
68
138
129
26
175
63
264
55
142
16
179
10
146
87
59
59
14
178
116
250
180
243
230
61
263
169
235
183
23
240
276
6
103
141
202
81
183
18
283
141
265
113
177
223
267
152
322
266
42
13
296
126
221
193
142
284
329
262
85
130
162
279
94
191
279
84
291
101
147
78
257
112
306
325
296
41
249
21
41
35
259
129
282
322
249
288
248
285
185
42
330
300
250
155
78
253
0
269
68
16
168
229
49
164
133
303
321
220
156
254
41
142
56
324
264
13
281
117
218
245
38
28
71
75
128
11
311
174
252
320
42
206
37
74
297
44
17
46
225
264
223
35
272
79
224
85
16
41
103
29
26
167
298
223
22
145
309
290
17
179
233
156
244
76
102
234
110
113
290
51
125
246
209
52
94
69
162
284
35
179
10
3
172
173
89
154
331
52
275
163
301
54
8
186
39
116
96
176
7
10
312
130
51
113
58
126
34
207
271
150
166
143
127
38
301
153
188
42
244
279
70
140
299
219
47
146
180
271
281
286
47
9
57
202
65
47
27
229
318
104
300
219
157
191
100
90
41
148
231
87
176
218
109
84
159
139
171
76
263
58
239
318
273
7
222
213
137
191
63
101
179
128
140
269
328
88
223
234
300
77
186
32
104
99
181
59
70
272
105
197
2
72
16
1
271
325
272
112
30
211
0
52
41
17
138
201
146
34
23
328
48
118
233
27
31
295
271
11
255
136
136
294
243
207
48
223
40
133
257
156
200
51
23
198
277
315
244
75
76
97
138
325
256
176
131
6
207
309
282
23
161
71
51
312
26
49
250
165
159
192
157
225
289
111
196
37
2
234
146
241
125
43
135
78
269
156
312
80
86
278
188
135
99
166
57
139
137
160
330
110
223
292
78
118
53
298
282
313
57
281
157
97
269
313
6
118
158
326
220
189
256
199
297
89
128
332
80
60
22
190
68
305
125
297
59
182
175
143
272
325
45
239
230
156
292
313
261
303
198
11
224
110
54
187
161
222
245
212
113
182
185
172
77
258
280
72
332
89
137
86
297
280
41
10
83
276
167
270
201
323
78
304
151
220
121
139
244
303
85
162
2
313
83
294
213
199
136
49
216
307
314
40
152
39
246
198
237
174
229
326
325
289
317
253
226
228
112
119
146
201
280
238
293
280
230
267
280
248
315
156
99
148
292
51
21
266
6
271
217
251
33
205
152
306
14
251
185
119
2
76
8
332
164
14
261
210
240
319
55
2
173
300
17
61
76
39
235
213
246
140
227
67
57
280
175
218
235
302
161
134
100
205
108
91
85
35
86
41
274
47
234
176
116
320
6
39
188
274
76
141
174
326
22
167
12
144
329
129
93
200
294
32
111
180
291
170
141
214
95
13
42
38
236
306
319
60
106
189
45
38
278
301
79
160
28
53
68
98
78
323
241
254
0
183
196
14
225
263
4
46
82
0
68
313
68
173
276
157
56
195
206
320
290
108
119
52
125
216
40
70
139
57
116
180
195
197
207
6
312
322
148
143
31
130
55
16
298
268
79
8
314
79
77
24
255
22
161
174
55
44
252
7
238
68
223
154
245
212
253
268
320
77
125
302
111
170
272
226
160
52
260
322
95
30
101
274
241
53
228
154
276
137
288
175
20
107
332
232
90
208
292
73
192
142
215
253
93
184
42
216
217
200
233
309
173
320
70
170
209
148
143
97
240
201
188
176
238
304
197
307
203
262
106
224
179
252
23
114
174
250
291
209
178
77
297
257
50
172
188
59
146
312
302
242
291
24
123
92
22
67
186
145
247
42
56
67
271
27
76
114
90
251
115
25
236
45
45
206
203
194
289
326
77
316
140
46
44
83
290
101
153
330
210
244
190
52
266
123
110
285
132
87
40
138
92
17
173
52
122
188
190
197
209
76
109
278
306
29
114
