57
127
197
491
235
44
120
130
57
385
133
172
128
195
272
206
208
109
166
180
268
282
34
210
412
209
153
352
477
7
302
24
70
295
132
523
18
34
197
128
119
34
92
397
176
56
140
180
430
121
236
385
298
413
34
126
202
112
530
542
170
469
2
339
288
520
162
92
207
106
275
449
147
55
221
202
165
57
119
140
170
313
278
205
34
92
182
93
323
302
69
544
304
55
450
168
474
1
164
140
202
153
94
207
34
116
181
12
443
189
165
230
301
89
57
166
49
1
272
247
477
192
183
375
195
300
9
318
530
289
272
316
194
121
93
128
195
57
2
95
1
203
455
34
247
305
17
237
34
234
111
265
127
24
3
216
22
335
51
205
64
244
130
279
182
354
196
0
260
339
117
278
16
182
167
16
127
358
158
234
545
12
231
168
105
178
229
59
143
306
295
216
334
219
182
126
299
127
106
159
247
129
308
65
182
94
19
98
129
477
111
283
181
11
120
445
197
18
477
477
180
57
531
529
120
229
169
298
445
171
275
131
182
530
184
259
119
281
322
234
206
129
217
162
182
23
180
160
225
112
131
219
130
514
194
126
0
336
373
57
25
64
152
120
91
189
54
169
372
219
529
183
206
121
126
138
110
180
216
291
133
180
529
395
174
69
260
131
2
443
383
374
313
194
255
177
297
297
218
197
305
11
173
300
183
219
272
45
431
477
285
301
341
285
182
132
291
22
368
290
56
191
182
263
391
34
180
88
197
303
414
199
182
6
233
318
321
452
493
167
247
234
203
218
303
95
181
13
317
112
126
19
297
131
444
304
132
497
306
194
0
140
46
197
114
151
224
282
495
183
165
88
202
337
133
154
384
544
232
122
113
216
109
133
257
154
183
105
299
34
111
128
317
109
528
132
106
57
8
111
108
515
133
34
275
177
193
216
320
182
281
65
205
93
218
526
277
46
288
527
60
45
122
45
277
276
276
217
171
360
45
118
122
116
122
116
45
526
116
52
275
147
216
171
133
132
277
184
171
147
11
60
69
45
527
217
527
172
6
217
178
275
277
118
291
154
160
276
275
186
89
137
176
151
525
183
122
36
275
103
107
11
46
171
169
57
46
202
218
135
46
275
271
173
70
277
529
89
277
38
26
46
122
45
288
217
136
276
70
277
14
44
154
166
202
277
46
105
46
277
15
100
168
277
276
277
525
165
44
136
525
134
60
218
44
70
147
276
276
276
527
44
276
276
527
275
235
44
44
154
60
103
100
45
276
158
218
216
44
178
116
273
45
173
44
277
265
11
297
202
178
70
525
9
267
131
11
2
127
167
208
233
14
111
193
233
143
111
160
15
106
219
120
7
322
111
529
260
283
160
224
55
218
406
393
160
0
111
175
14
318
7
11
1
111
226
120
15
120
247
168
135
270
129
98
131
268
277
3
530
354
9
8
267
344
204
168
310
399
161
529
111
111
12
124
111
168
266
192
188
230
2
34
8
354
193
127
354
192
234
464
223
167
204
93
23
395
223
89
318
129
168
0
6
355
10
171
172
172
169
169
156
146
532
231
354
398
525
24
131
129
230
230
160
212
344
168
169
225
139
141
4
164
405
1
212
111
226
180
131
354
354
322
112
226
160
118
132
14
160
111
283
232
180
134
1
276
159
344
180
168
2
0
529
159
98
180
6
97
111
156
127
399
55
124
98
354
169
129
397
55
168
247
354
168
93
532
371
429
268
33
187
3
55
398
98
17
354
204
107
160
192
57
141
208
231
232
146
23
224
5
529
11
124
223
160
169
109
404
65
529
268
402
160
161
188
23
310
93
160
225
151
267
480
419
217
225
348
224
394
465
57
532
428
160
5
96
111
542
216
159
127
10
92
233
17
146
108
55
146
204
146
535
525
403
111
212
131
188
247
400
310
396
491
170
127
156
529
15
160
146
177
166
168
111
169
129
354
169
4
188
46
465
192
127
54
169
196
6
176
288
94
511
5
165
158
109
328
194
138
11
117
109
195
100
2
334
194
109
100
198
165
127
527
64
152
524
370
111
204
45
8
334
396
56
119
510
195
358
354
287
291
187
542
369
352
181
11
193
104
217
322
130
272
168
526
177
260
107
171
271
196
127
168
542
217
529
158
406
373
56
229
524
98
103
116
180
1
166
25
313
100
173
8
92
162
352
93
543
92
137
129
107
196
4
93
101
119
146
56
157
93
2
171
326
288
45
15
167
138
5
201
217
182
167
128
13
173
180
180
186
92
207
12
168
196
509
18
8
57
291
102
169
452
260
202
203
105
55
112
465
56
318
267
15
55
205
97
182
131
197
65
167
97
511
187
1
6
371
105
223
146
231
5
60
511
275
129
54
138
197
173
147
134
168
55
57
308
176
529
192
102
372
101
166
481
285
282
180
208
102
224
322
457
44
17
183
525
180
218
291
182
192
56
65
1
276
74
172
205
96
65
142
101
7
182
218
502
351
14
7
509
202
210
195
109
509
169
510
107
529
127
72
419
3
275
11
431
246
131
15
3
23
322
195
167
490
154
129
186
192
176
275
182
60
177
119
7
108
46
208
158
9
232
105
5
165
93
106
0
182
11
192
182
15
64
101
172
232
7
89
123
14
532
102
530
57
24
6
283
144
166
203
223
9
26
92
172
195
24
109
173
173
177
172
2
401
153
126
131
112
219
14
0
355
287
266
100
9
131
182
97
109
120
326
101
353
0
170
146
13
198
97
175
253
532
4
146
1
12
107
142
94
65
96
5
283
209
169
279
13
97
55
24
172
204
116
16
201
173
288
218
193
109
11
204
3
158
126
7
102
200
138
246
225
6
111
26
182
265
283
190
128
156
151
0
109
12
432
196
118
229
64
94
132
471
182
226
168
194
170
182
198
168
509
194
44
131
544
510
246
183
23
102
0
373
206
130
526
0
168
308
209
55
96
352
322
527
105
372
512
101
118
1
11
205
322
287
57
56
176
47
12
12
400
8
206
275
172
128
195
219
116
107
3
11
155
16
127
247
44
8
10
2
96
55
131
347
265
287
525
182
482
130
2
275
133
56
208
161
165
430
147
56
10
511
107
403
158
182
224
201
275
126
187
168
111
12
206
334
206
177
187
344
159
526
175
108
4
19
219
216
127
119
11
172
171
170
173
192
169
64
196
22
170
530
4
94
120
124
103
275
138
418
181
96
268
60
529
267
168
172
435
24
10
285
1
180
295
288
9
12
175
204
216
140
9
12
207
5
198
100
17
169
25
126
339
252
2
109
193
92
518
322
142
4
10
146
131
16
341
184
173
489
221
12
218
173
310
194
12
205
117
135
510
188
170
122
196
48
193
264
527
475
116
195
12
231
46
173
263
265
11
280
209
54
100
17
116
200
235
10
173
193
11
208
11
288
146
104
294
100
205
146
511
171
96
339
87
259
165
109
201
530
12
129
275
223
230
208
532
215
206
13
526
218
542
133
366
180
118
288
180
160
146
1
376
183
291
11
89
12
195
109
308
126
176
531
131
219
126
167
112
2
229
9
527
382
141
396
13
442
87
318
149
23
200
334
173
168
3
212
542
180
109
353
348
235
77
126
11
477
158
159
25
146
347
55
132
384
332
131
230
134
349
530
87
280
26
24
216
167
291
402
518
129
290
69
138
219
158
545
529
208
112
145
107
133
127
131
337
160
109
88
169
510
281
225
276
420
178
184
231
96
231
280
146
2
55
182
140
56
348
205
232
135
339
545
525
100
126
511
438
216
94
541
105
5
104
135
187
129
226
203
219
150
173
524
208
106
111
544
146
529
224
232
462
117
35
212
172
172
317
93
201
64
138
291
130
112
544
130
218
44
141
393
277
126
104
108
221
111
214
133
54
171
430
131
11
167
392
123
166
159
55
124
406
230
515
131
146
166
3
217
131
95
12
55
55
170
192
488
530
55
172
247
203
6
223
196
24
46
352
55
485
415
126
203
3
204
195
406
126
93
243
95
7
182
104
230
111
281
216
481
265
196
180
428
489
319
195
2
259
109
482
172
96
134
138
180
183
146
307
183
195
269
189
44
97
122
88
176
246
172
331
166
484
217
532
9
102
412
430
196
128
359
527
118
126
18
317
120
510
130
219
56
156
24
477
56
265
430
168
12
168
352
180
161
179
197
211
367
1
13
406
55
127
275
229
93
101
196
12
231
34
188
172
5
280
219
25
140
247
296
131
112
275
104
89
289
544
350
157
55
182
143
217
219
182
532
14
44
374
378
101
338
105
138
259
126
166
229
12
329
235
16
132
116
54
193
109
197
165
209
46
131
111
126
276
88
93
217
160
182
475
397
181
235
217
510
188
260
235
192
70
180
417
165
310
537
17
295
121
507
527
182
544
363
319
126
183
194
128
428
376
157
146
14
11
195
350
511
69
525
336
255
45
10
287
402
275
217
217
153
1
154
7
285
0
235
247
129
137
9
17
112
276
197
197
34
509
267
182
60
222
182
190
221
543
57
1
232
34
173
279
219
197
7
156
542
182
186
506
119
55
528
159
414
56
510
108
232
80
111
155
475
277
180
26
112
218
4
195
544
272
214
429
372
142
105
93
171
109
530
275
134
349
182
171
372
182
447
13
4
529
509
381
326
347
98
87
217
165
167
216
0
138
107
496
2
362
277
283
229
102
157
92
187
119
416
384
544
155
322
93
510
162
526
101
57
68
37
187
34
3
109
57
267
18
393
291
248
250
166
55
111
182
228
22
14
195
368
17
197
22
205
286
182
255
440
446
93
7
126
322
239
286
109
217
65
350
71
175
100
130
291
444
510
217
83
24
22
281
354
177
203
23
247
461
196
118
246
525
529
182
198
56
223
69
352
112
12
529
371
217
82
462
192
127
227
364
9
509
57
532
208
176
476
166
374
87
5
164
157
189
17
103
126
132
169
182
529
88
158
182
529
219
109
87
97
147
166
116
291
126
290
231
473
288
169
200
177
291
151
182
159
135
147
205
201
165
226
119
485
527
400
235
182
55
365
487
55
297
181
541
26
186
288
269
310
109
56
182
212
8
14
60
260
5
365
54
512
111
207
303
115
262
193
89
132
209
94
158
176
417
17
11
169
6
134
297
234
277
263
170
140
207
23
486
480
121
183
169
265
345
99
276
169
219
529
354
187
177
60
414
229
135
120
24
114
222
25
197
109
3
403
509
15
97
119
26
201
90
272
272
272
0
283
182
108
182
277
119
69
25
10
9
522
359
258
525
180
161
181
347
216
1
3
351
277
2
109
187
130
170
13
132
3
368
14
94
196
509
225
456
109
86
26
326
57
201
5
153
157
382
71
213
3
176
259
186
111
131
168
214
34
375
154
187
130
194
275
509
275
42
127
128
401
204
182
316
315
195
275
4
180
26
168
379
44
282
97
182
146
147
510
176
231
45
129
526
101
232
527
5
281
112
172
17
135
166
349
286
183
356
12
134
184
504
92
112
280
212
5
23
131
361
54
275
543
11
126
13
101
56
218
280
530
192
9
194
109
328
109
266
207
479
282
291
203
13
275
322
470
111
180
25
510
173
44
106
526
165
167
509
104
111
257
124
542
431
180
106
161
543
192
265
120
226
134
204
112
172
230
232
264
55
6
221
45
542
277
202
233
360
111
478
300
545
203
384
195
206
225
256
5
532
107
146
153
129
173
542
261
129
102
162
309
480
196
5
98
259
360
126
35
155
106
292
299
8
313
180
105
180
158
126
166
127
85
183
3
116
322
276
308
182
331
182
56
530
525
106
275
12
158
186
510
336
111
170
54
193
231
14
11
101
176
100
276
0
129
106
206
132
205
169
45
249
112
181
14
194
337
477
373
502
291
183
329
2
101
263
97
131
399
144
235
319
275
529
288
172
182
131
177
531
141
394
526
126
216
6
232
89
336
133
156
217
185
127
322
398
128
9
472
215
265
126
234
332
13
480
504
57
130
193
235
530
46
109
0
219
193
218
262
210
531
7
23
57
117
198
10
130
510
177
235
17
459
418
200
179
203
24
57
104
8
7
99
6
93
119
138
138
216
242
182
105
195
182
197
109
353
92
146
380
131
208
210
7
57
511
151
205
216
159
111
166
530
56
216
230
18
126
360
455
118
235
419
122
168
530
102
104
171
527
182
235
57
10
8
103
55
504
200
348
219
218
266
159
7
220
279
280
121
198
126
126
170
195
511
157
8
136
129
353
169
111
106
265
116
15
431
95
45
171
511
173
13
69
100
231
208
172
217
0
119
183
238
6
219
98
4
414
182
60
516
146
465
132
134
164
422
9
154
154
275
65
347
126
147
173
56
119
132
87
7
169
22
106
203
137
235
511
525
165
50
158
7
291
174
283
9
130
123
224
134
140
109
158
78
351
54
197
23
151
131
51
8
135
153
131
190
373
41
117
24
14
324
130
0
544
182
56
153
339
542
382
13
190
338
60
217
103
182
155
194
385
2
2
123
352
173
340
200
200
196
146
198
386
126
543
3
311
126
445
340
525
130
275
4
273
205
192
452
525
126
111
184
0
307
26
161
510
106
328
530
350
102
529
1
217
126
34
509
92
293
182
122
5
278
351
530
93
147
4
154
22
530
56
161
131
2
184
4
202
2
8
264
136
132
543
56
539
452
223
56
418
180
427
275
527
195
122
532
181
60
140
530
19
509
116
233
45
155
180
357
99
98
97
107
159
182
265
69
434
111
165
170
165
14
205
5
195
4
138
529
160
527
138
111
265
527
24
545
318
154
529
126
204
322
311
153
6
108
3
481
25
11
225
158
326
205
64
128
165
182
89
166
126
112
55
170
178
193
178
196
146
8
107
111
532
156
526
172
11
201
1
216
153
8
4
400
533
146
445
221
132
93
183
1
137
138
46
425
212
277
168
197
402
94
187
302
46
234
216
526
5
134
13
401
138
195
387
160
205
129
191
3
308
9
56
12
124
504
4
196
131
100
106
166
2
140
361
180
182
182
523
9
212
138
272
26
219
216
224
276
277
116
2
166
196
281
217
347
221
119
131
45
4
176
480
367
126
419
0
339
10
158
203
0
166
209
265
7
161
275
165
175
181
169
178
155
451
328
356
277
131
189
334
183
209
449
23
126
235
94
57
176
230
209
225
15
510
107
23
132
159
463
44
265
219
129
443
276
109
132
56
126
234
480
280
131
196
96
512
165
246
130
56
256
420
103
413
183
126
107
104
219
334
240
334
23
163
275
173
140
217
34
6
193
223
153
11
170
26
267
334
315
333
135
9
363
106
119
197
182
135
167
135
216
283
6
182
125
169
111
106
16
194
156
8
45
222
94
132
126
54
276
107
140
0
202
354
526
217
306
44
543
441
268
287
93
166
146
87
526
229
6
200
111
419
195
232
92
105
46
167
193
169
197
65
184
401
268
324
216
138
24
498
198
363
182
116
229
172
112
125
133
235
182
217
480
93
169
133
195
107
229
10
217
170
14
246
307
107
1
14
171
141
170
94
22
57
182
3
158
80
529
276
277
196
129
12
339
512
251
218
25
291
23
291
201
281
2
111
171
223
448
217
56
89
93
94
111
320
360
112
182
182
109
44
106
195
201
544
106
182
171
131
318
153
375
24
165
360
129
146
171
205
94
169
527
488
153
219
229
109
234
15
146
143
324
500
158
230
105
134
260
170
56
525
529
545
94
285
230
279
229
159
295
542
171
181
526
22
158
55
6
366
505
32
273
190
220
511
157
57
127
235
212
198
315
260
130
57
137
100
172
180
130
231
509
4
159
180
271
181
14
182
532
182
0
103
4
282
198
209
151
216
196
87
165
126
380
197
197
141
328
229
96
195
14
156
11
413
111
263
111
263
187
345
183
206
46
133
297
210
396
142
34
350
206
543
544
275
540
541
138
407
126
134
522
168
151
258
219
436
458
87
265
253
93
45
477
231
133
4
92
272
227
15
277
130
159
526
168
266
192
202
0
182
445
176
34
129
297
479
221
235
22
185
445
235
200
10
228
530
170
274
228
175
175
177
55
225
126
134
208
1
102
304
57
126
88
383
509
146
172
147
541
231
291
521
379
541
15
285
182
216
177
254
194
466
258
325
103
200
22
182
4
130
13
107
8
44
193
196
523
54
141
109
187
457
180
105
146
235
171
130
320
94
22
229
164
340
57
218
93
111
390
160
161
212
200
11
12
234
229
232
107
4
288
183
15
170
130
223
360
11
209
161
196
171
257
216
216
277
134
1
0
156
6
234
186
118
56
342
382
532
111
146
12
117
107
12
346
381
207
531
171
166
271
5
275
336
77
180
96
124
406
527
162
94
171
216
155
119
10
204
437
158
512
297
16
132
154
279
275
337
359
297
208
5
445
291
153
107
105
136
181
3
345
65
460
275
168
133
55
531
129
526
396
499
347
87
426
264
171
180
382
217
216
483
11
419
215
218
112
175
207
292
350
28
507
127
233
124
46
525
168
155
102
197
212
182
216
527
140
76
219
189
226
55
519
541
127
35
140
529
168
235
202
182
7
197
205
112
165
133
44
116
126
135
316
417
151
88
325
406
1
111
116
20
470
417
511
135
529
180
229
202
329
56
34
274
153
65
218
494
203
405
197
3
24
310
218
63
140
241
511
203
218
111
187
11
93
134
104
208
134
102
146
146
126
461
146
216
0
3
4
179
116
2
6
180
96
10
164
19
127
119
336
194
104
249
166
200
54
158
57
293
16
177
149
155
509
450
131
512
56
216
8
144
180
173
128
202
525
205
206
2
187
270
219
9
529
116
191
178
109
200
182
195
511
55
187
205
165
88
343
130
352
154
465
56
94
182
193
389
129
273
89
160
12
260
102
87
419
1
60
419
343
97
297
509
231
105
149
293
370
334
544
494
316
4
126
55
217
207
293
119
70
111
169
121
304
166
165
394
26
142
216
130
87
138
246
147
372
171
291
346
157
5
129
230
4
126
208
527
129
92
270
200
92
173
56
202
334
263
155
186
172
353
1
126
192
112
235
531
88
213
78
147
111
39
529
409
12
294
94
169
172
353
129
269
54
529
468
107
109
210
182
95
328
97
106
5
322
278
97
23
225
226
196
119
308
131
325
166
1
308
170
135
128
334
154
401
130
275
94
15
54
173
529
57
54
234
206
269
265
327
12
173
508
2
216
218
187
107
10
198
489
203
133
206
55
4
165
34
373
209
143
182
173
98
512
94
95
129
111
57
55
525
224
161
354
56
7
177
197
0
477
401
153
504
265
526
208
106
467
22
408
7
180
16
92
171
404
98
158
275
279
276
230
25
544
169
398
495
286
71
54
195
196
54
131
285
107
267
98
22
193
155
279
217
126
198
129
133
531
196
531
57
135
126
204
325
107
276
127
160
162
192
126
131
314
0
309
14
529
462
212
140
109
2
160
230
365
218
330
275
170
6
132
160
17
157
10
54
101
544
109
530
93
229
111
525
58
247
60
411
113
401
235
143
45
4
22
504
275
100
88
510
101
267
130
352
140
7
26
364
0
183
495
60
11
381
134
131
127
96
182
329
510
361
22
4
106
176
390
57
156
122
132
177
111
265
206
338
140
133
529
116
180
4
523
119
197
232
193
126
527
132
18
183
67
380
531
226
61
195
215
305
13
119
544
248
385
137
281
166
172
13
454
524
94
23
116
225
148
109
225
107
374
216
9
134
20
64
336
204
544
544
137
182
198
132
122
344
202
275
188
23
131
179
520
55
140
486
182
8
111
326
232
106
112
157
107
180
229
209
4
178
112
207
229
64
93
143
132
10
446
267
369
525
510
8
126
204
16
89
81
197
129
6
202
119
138
274
57
40
509
235
287
529
183
168
430
3
530
530
111
94
35
247
171
423
6
109
108
248
158
126
361
14
341
35
223
13
87
10
526
165
126
257
192
341
197
486
136
101
130
343
182
57
182
512
130
235
218
206
534
202
181
2
510
193
26
126
158
151
334
55
133
509
123
171
291
126
480
13
138
200
280
219
102
92
131
158
133
200
419
186
155
233
402
360
291
271
12
13
129
487
16
397
530
275
511
203
93
201
182
10
207
231
275
44
319
450
181
529
122
282
195
56
201
182
297
127
55
235
135
545
221
7
56
217
11
129
286
126
55
134
306
511
217
5
172
1
529
2
135
217
112
173
107
399
89
25
11
106
46
155
0
180
24
94
107
46
527
92
57
153
341
131
526
529
210
138
543
354
275
432
509
146
137
107
400
260
65
109
167
379
53
275
231
170
341
217
256
133
265
175
183
128
257
120
96
273
130
129
314
206
1
56
24
503
544
217
177
6
111
195
105
329
55
16
161
45
180
218
106
182
203
16
290
544
112
135
186
55
222
105
288
182
118
147
143
182
319
289
129
128
352
510
22
216
137
201
26
127
135
276
319
291
339
197
530
494
279
146
179
7
130
127
70
3
105
2
135
0
120
54
399
60
16
215
44
93
260
511
494
292
111
3
510
359
130
114
0
275
229
532
233
529
172
107
130
280
115
257
84
169
170
271
187
182
98
129
209
131
153
146
545
200
287
383
26
129
104
128
167
169
509
291
402
297
251
182
260
193
275
538
187
117
179
492
10
120
509
159
202
13
176
3
517
291
100
128
2
6
208
138
105
230
94
515
275
154
196
230
300
9
274
134
57
197
135
135
24
14
55
146
316
224
56
131
320
328
70
140
335
127
156
198
453
526
201
144
235
23
216
170
55
55
134
26
15
34
1
403
179
167
319
487
98
167
532
221
507
204
134
350
108
325
257
174
208
511
132
109
281
167
224
194
487
124
126
511
302
129
217
126
216
208
530
3
166
287
204
2
165
197
210
95
512
172
529
180
400
119
532
60
206
297
204
44
109
82
108
543
128
354
2
168
131
0
345
94
180
233
131
175
11
255
15
93
187
7
26
23
13
229
89
229
17
112
138
6
419
509
198
219
17
494
126
119
196
71
133
529
160
107
4
183
292
70
193
410
545
106
183
197
116
232
168
102
49
340
23
329
159
209
254
210
112
204
400
118
46
15
118
149
143
56
297
70
495
3
426
389
0
176
363
172
56
545
176
480
153
205
169
272
111
142
399
309
135
125
322
201
168
541
142
229
525
23
182
105
70
126
95
208
457
117
7
421
97
529
206
276
106
162
249
526
205
228
167
275
525
56
126
286
107
138
1
204
504
208
129
509
57
340
119
402
79
186
336
218
229
475
177
198
229
530
26
98
192
92
320
334
12
195
334
293
480
539
119
8
105
201
487
223
157
297
281
34
119
297
44
134
299
60
275
135
172
3
151
107
140
107
131
142
57
155
187
134
144
186
542
166
23
297
182
380
181
116
172
367
187
133
171
445
526
195
531
134
111
170
298
431
88
12
336
136
405
235
419
542
173
202
10
198
216
349
154
289
94
404
219
9
418
275
129
45
56
54
4
186
267
283
156
156
1
45
155
218
128
12
501
187
293
219
530
278
235
402
1
200
16
34
221
196
133
130
116
251
13
438
195
5
92
287
57
530
352
105
178
325
6
4
181
513
0
55
143
132
81
396
198
126
151
55
1
22
182
30
173
468
157
182
105
196
402
151
317
209
8
415
196
166
105
287
329
207
23
182
329
15
532
165
339
0
169
201
170
224
202
287
136
17
231
233
223
203
54
366
509
286
285
17
532
273
485
65
233
160
56
106
109
160
109
94
176
282
22
12
127
223
169
26
217
169
487
22
56
56
308
57
138
216
527
229
235
117
14
229
508
111
288
526
525
187
173
155
128
109
109
313
0
285
133
172
126
11
233
107
45
180
159
2
277
159
149
334
511
133
126
128
92
104
126
165
55
55
293
312
480
107
136
93
111
216
219
159
526
11
169
127
8
130
217
44
13
220
130
5
426
195
479
209
180
12
259
5
378
146
226
130
341
212
140
510
119
203
131
173
140
219
543
172
314
92
25
107
127
127
195
197
277
46
181
168
17
17
164
277
92
9
4
322
295
1
187
166
186
486
92
229
122
180
92
183
173
127
511
195
216
92
532
21
146
352
175
195
358
543
303
182
5
165
318
277
530
227
206
295
180
165
104
170
272
57
248
180
15
250
125
126
188
187
234
53
112
167
512
297
333
287
219
221
170
319
49
106
497
379
511
106
130
126
141
117
268
230
55
230
64
246
130
208
55
209
196
340
167
176
288
102
133
57
127
130
15
336
527
182
126
218
318
362
216
112
231
182
89
273
203
188
147
525
8
171
98
56
277
245
100
153
111
197
177
369
158
14
219
109
34
5
288
275
282
131
208
92
126
431
381
128
402
218
0
194
92
301
370
381
509
170
2
23
54
218
371
209
171
526
166
2
182
217
356
487
532
294
196
102
285
429
339
389
56
0
145
131
545
153
329
107
161
182
134
131
169
25
182
134
155
542
138
545
168
200
175
10
165
116
390
187
55
70
16
87
393
213
272
511
171
267
34
103
216
351
525
112
54
291
246
131
22
395
180
89
508
54
286
132
13
137
336
23
196
1
197
3
226
22
530
192
183
1
356
24
346
101
182
119
12
146
26
512
543
2
210
532
168
9
126
88
206
11
526
250
233
165
57
165
200
3
529
246
21
504
194
334
55
510
132
162
111
187
9
1
101
129
352
399
44
35
275
16
125
224
277
169
162
111
232
224
55
544
272
60
45
83
34
525
195
101
26
397
203
292
111
6
173
542
87
123
175
172
127
112
105
183
10
141
107
218
93
106
182
9
117
0
413
510
87
69
23
377
129
268
224
322
247
354
350
0
183
105
191
320
104
180
8
183
253
511
135
450
176
57
25
207
89
232
305
120
480
322
319
146
252
177
267
22
510
133
140
173
85
10
131
470
126
146
385
530
296
144
433
542
217
158
218
109
116
283
206
12
275
206
132
57
175
92
498
176
92
499
445
235
527
205
26
169
225
133
365
377
350
518
153
127
230
489
119
10
207
102
179
259
23
111
232
255
141
512
147
301
324
218
56
201
126
103
44
112
347
155
126
277
154
204
542
249
169
195
94
373
138
272
92
541
326
26
272
445
198
146
530
31
169
292
197
161
209
502
212
1
210
487
3
251
406
130
128
93
62
181
424
109
126
530
530
542
252
160
182
313
7
24
126
6
130
135
129
288
205
510
132
136
100
119
162
131
509
27
111
529
529
26
334
126
545
529
161
147
233
96
227
511
54
183
116
208
275
22
106
107
195
2
212
209
95
196
260
87
187
19
195
268
34
23
223
525
25
133
232
350
140
55
309
13
168
147
218
8
200
175
159
46
375
228
2
176
297
319
334
66
269
208
531
45
195
235
104
166
118
515
103
106
11
136
19
109
197
162
298
218
134
130
328
111
527
338
195
146
129
165
131
267
171
195
127
203
123
65
172
529
154
45
207
349
23
89
232
347
13
140
217
328
252
202
127
188
180
168
183
202
10
131
194
6
198
337
55
350
1
3
536
14
532
510
138
512
389
8
542
173
43
235
206
79
316
203
158
383
235
261
166
450
70
530
352
0
84
75
511
347
192
138
372
417
517
343
87
292
131
1
219
421
182
11
132
219
287
216
5
182
218
207
182
108
509
106
511
388
94
233
26
276
54
160
231
131
509
352
89
224
132
176
111
270
92
133
418
295
164
29
328
15
133
319
132
118
176
182
351
272
219
3
114
162
136
184
61
182
350
224
197
235
217
49
490
125
509
137
183
480
6
259
235
128
275
229
180
202
15
56
132
173
504
230
196
225
119
531
115
73
151
55
3
197
368
272
119
141
175
403
510
268
210
15
320
297
217
0
186
154
221
39
271
538
495
224
213
229
444
24
341
320
245
90
78
48
8
118
406
395
233
115
418
354
155
293
285
238
401
537
313
45
413
289
514
512
290
208
348
476
282
149
175
308
365
329
187
244
97
48
296
329
304
312
189
357
489
239
268
264
315
138
445
133
18
152
305
1
1
236
514
350
468
443
306
380
504
340
283
201
284
414
402
327
535
26
128
94
408
444
137
471
533
85
258
53
247
178
145
501
432
469
401
114
421
507
18
455
217
304
325
79
162
164
371
335
347
162
89
401
161
526
264
347
527
233
393
270
339
293
543
221
107
417
508
539
41
509
6
296
400
149
442
203
375
13
355
447
297
101
119
220
451
207
76
521
519
221
176
318
388
279
426
356
376
488
309
105
348
424
49
80
98
378
536
49
449
257
223
439
462
195
112
228
61
228
332
146
348
388
391
427
499
372
341
56
95
329
448
197
460
265
131
83
293
530
498
164
454
38
359
178
17
103
66
146
33
541
437
82
465
391
0
488
537
107
375
266
77
260
239
379
365
350
352
374
422
212
101
368
346
419
352
493
306
158
448
162
178
188
305
465
280
309
353
369
72
27
94
72
89
524
218
78
190
127
47
442
157
495
525
534
500
459
166
274
74
499
228
391
415
254
15
127
55
396
304
284
410
402
143
475
329
160
412
178
309
451
449
499
165
149
503
16
21
310
485
132
207
392
511
411
395
512
170
79
291
432
367
96
443
2
102
103
352
523
287
274
506
109
539
93
528
153
287
494
48
381
455
160
442
445
47
103
181
167
207
492
196
80
354
535
383
514
455
86
262
25
501
359
293
19
178
67
63
520
399
424
11
147
223
269
269
91
94
544
462
79
344
55
372
504
276
487
412
49
283
339
34
52
345
46
481
42
364
243
214
2
226
115
526
232
477
482
535
475
33
225
131
236
297
288
218
145
328
522
502
454
351
451
441
455
9
235
4
359
527
37
527
508
46
285
96
357
33
60
121
120
441
229
334
169
350
262
489
215
313
473
362
350
504
472
429
269
95
375
479
168
133
448
202
177
375
288
522
432
470
428
295
173
32
174
78
395
29
370
298
45
12
362
336
422
63
492
84
131
17
335
85
492
262
316
352
196
187
234
489
16
103
493
457
410
440
3
249
368
109
68
176
183
253
104
334
77
519
146
436
508
84
497
65
79
245
284
521
21
334
369
537
354
375
369
322
270
177
252
243
11
113
186
314
154
443
515
373
163
403
449
161
231
518
449
393
208
360
211
162
117
361
13
322
318
266
198
194
465
310
487
173
79
489
48
89
375
402
251
524
89
312
544
438
330
4
475
66
519
264
64
365
517
407
510
7
60
500
141
319
206
380
247
360
54
417
254
232
477
83
46
466
244
451
66
511
353
364
524
206
243
436
473
501
370
232
45
48
295
22
444
292
362
30
89
514
268
201
347
349
237
411
137
78
415
241
72
232
315
170
46
440
22
516
414
184
418
419
200
30
233
514
437
102
174
477
477
31
194
75
465
336
119
221
10
215
491
265
322
545
153
209
146
152
406
221
76
227
293
22
513
501
342
489
61
533
513
276
140
26
96
102
319
187
133
394
345
70
167
181
461
486
202
28
29
533
389
428
48
205
87
45
254
502
457
361
533
123
498
380
305
465
150
15
395
375
481
456
526
324
260
120
542
61
143
64
3
53
412
375
79
323
95
157
65
428
319
58
346
498
71
36
475
520
235
463
123
230
218
151
479
282
195
450
348
294
409
12
237
283
522
374
258
8
254
373
2
41
317
366
377
518
10
220
172
264
485
489
440
183
209
442
371
82
440
173
84
219
153
253
426
142
64
56
270
508
499
463
363
542
388
141
491
464
531
544
297
363
360
190
314
254
505
327
163
34
484
178
338
121
349
93
60
471
343
506
440
305
433
405
266
197
8
255
79
126
81
130
467
198
54
142
500
323
354
316
123
472
534
122
41
178
334
533
484
86
118
157
27
258
120
532
69
354
403
527
259
453
270
237
376
301
1
355
238
132
328
220
425
474
136
90
96
250
30
93
201
398
460
239
508
406
299
423
57
288
231
306
520
512
511
319
253
150
358
49
277
506
283
156
22
189
164
530
227
254
36
447
54
174
385
461
454
139
415
410
459
483
383
224
121
309
338
387
379
545
521
285
2
374
213
236
525
28
233
44
168
365
31
225
361
443
71
105
341
242
67
448
526
145
12
520
185
394
365
70
445
479
0
142
103
1
322
299
395
400
544
505
435
160
487
211
449
10
461
376
94
205
161
331
15
31
250
69
455
158
326
433
545
453
376
490
96
436
93
344
456
117
282
504
38
481
515
172
230
61
121
0
218
354
78
502
485
422
104
167
271
142
488
128
486
529
490
388
240
37
427
362
153
387
57
82
427
472
395
261
345
26
61
53
525
199
484
158
295
203
498
294
358
361
411
241
165
49
43
163
536
409
64
82
486
530
121
445
117
354
46
332
76
106
409
340
169
462
178
417
398
397
452
413
42
353
165
389
251
384
266
219
417
187
440
72
277
490
169
470
503
171
504
56
100
298
125
225
505
71
376
310
192
76
77
17
70
167
239
326
86
163
174
394
227
159
216
3
228
58
136
171
118
46
295
527
8
180
239
91
426
526
411
45
263
377
382
301
305
205
459
145
259
77
67
156
518
280
112
92
517
220
370
192
224
169
122
53
476
496
253
226
350
472
360
219
321
0
480
107
444
264
95
222
532
458
315
138
319
8
486
10
265
215
338
126
154
432
355
232
384
65
283
309
485
140
28
253
52
410
333
378
288
345
517
323
245
410
470
409
273
505
95
496
232
140
463
350
35
538
459
536
255
531
437
464
175
113
35
406
340
100
355
302
174
272
90
239
128
375
461
454
103
301
332
443
186
255
70
121
104
262
50
401
39
483
248
353
216
104
123
304
369
279
295
174
246
437
14
400
459
321
387
74
131
157
264
10
368
412
109
339
189
212
459
25
36
308
334
500
524
89
363
443
182
469
272
47
398
117
290
288
341
525
203
265
511
225
370
77
310
145
515
321
85
521
125
533
265
316
486
398
335
513
130
68
275
372
137
262
260
160
229
329
330
215
240
489
290
212
452
482
68
41
375
464
202
329
130
98
148
223
29
268
439
75
242
520
533
439
448
497
432
413
280
375
438
428
17
542
410
390
111
444
209
406
93
24
308
213
366
71
530
252
39
453
527
103
221
172
5
422
505
513
521
310
10
71
293
31
365
213
416
437
71
407
42
97
339
372
200
514
438
266
271
529
405
105
114
77
445
125
405
401
244
511
134
433
46
98
123
54
209
11
236
199
347
415
119
398
16
167
440
441
162
275
300
181
307
274
47
528
339
478
155
373
426
407
431
405
52
94
135
333
207
482
347
36
154
48
201
285
422
50
78
532
13
85
391
7
392
499
544
409
354
192
248
68
460
177
70
282
358
209
153
143
471
371
132
507
453
96
244
492
216
180
495
509
1
536
482
19
504
528
267
268
475
541
147
503
482
16
420
95
268
95
391
467
238
240
476
263
122
220
426
45
402
204
486
520
421
456
373
486
496
422
295
352
417
271
487
64
491
382
58
404
162
1
397
380
302
409
392
292
76
538
99
497
375
366
506
516
432
203
310
368
103
255
298
45
202
375
22
126
490
451
240
94
98
112
63
225
3
406
184
281
191
507
541
171
511
28
121
241
67
306
265
505
209
319
148
472
330
524
230
514
359
313
394
242
177
375
222
98
516
145
94
174
391
76
377
217
361
149
38
224
451
162
74
416
329
264
458
463
273
437
55
166
368
467
61
37
122
34
452
106
505
263
503
331
411
293
79
175
323
325
456
65
477
108
248
255
100
104
465
72
78
419
9
485
284
420
75
192
428
543
367
401
302
17
477
512
495
17
281
304
290
211
112
152
244
486
130
526
542
442
259
273
511
443
499
170
327
98
107
196
470
507
461
432
324
120
87
22
227
122
40
538
92
293
150
99
317
126
147
13
332
197
66
114
378
446
324
211
316
289
513
13
136
75
323
114
461
35
451
527
291
245
498
403
156
90
188
328
101
256
1
445
53
467
345
380
249
47
221
493
299
105
221
422
395
381
359
508
339
377
435
123
348
339
362
220
24
476
512
345
291
428
103
13
310
177
300
307
427
68
426
418
312
35
79
416
271
113
203
452
22
313
290
378
457
141
474
170
24
45
60
467
88
420
267
397
325
13
507
489
346
19
2
377
92
53
155
41
346
17
305
443
110
384
421
544
74
92
192
542
466
416
279
71
239
393
368
199
527
63
201
254
135
26
529
438
377
420
368
527
183
122
100
116
388
286
33
384
249
419
363
281
212
82
195
542
364
123
439
429
517
521
163
221
115
482
321
19
332
56
342
472
474
479
6
434
93
130
212
283
62
444
401
424
496
25
488
208
205
205
66
84
371
243
522
260
274
33
412
141
505
404
200
222
65
86
265
167
533
295
221
32
405
74
373
527
433
449
536
288
143
3
268
277
237
52
223
316
281
134
104
448
193
502
276
113
460
511
22
332
334
363
234
173
464
41
370
164
127
140
212
104
215
13
511
296
479
371
163
220
519
296
534
61
524
382
164
164
234
400
426
16
318
84
212
173
150
6
151
54
422
238
159
207
544
212
371
241
93
177
464
454
50
354
27
205
372
222
155
100
286
472
17
331
6
211
93
187
346
198
412
297
292
440
257
244
252
428
142
195
416
28
260
50
363
405
403
285
145
37
349
496
481
199
276
358
543
371
116
501
397
484
128
376
501
17
209
414
228
467
169
478
212
331
243
401
86
414
287
179
269
539
314
292
96
315
318
431
110
72
172
406
255
368
149
454
342
477
105
29
420
76
313
123
297
102
119
390
61
402
152
273
266
425
481
342
519
42
132
20
306
530
75
124
81
33
248
44
358
253
132
225
88
154
542
485
535
427
363
350
41
368
140
382
219
426
276
220
506
272
30
306
203
296
226
72
161
96
196
157
379
171
252
221
118
83
240
87
175
128
386
433
269
140
369
323
67
92
218
76
316
27
166
266
338
59
376
452
14
0
38
258
264
124
387
24
523
264
377
485
94
511
260
467
202
239
524
270
438
192
32
175
268
271
390
179
251
317
124
531
500
517
62
207
416
234
57
230
171
371
385
432
248
110
58
373
500
453
250
367
81
256
303
125
359
79
379
349
513
137
468
499
158
306
492
503
336
510
126
20
170
366
67
465
446
420
195
494
303
61
226
148
255
472
437
423
128
118
466
250
345
42
5
239
528
382
316
263
526
112
214
387
217
524
538
369
9
155
241
452
356
283
368
292
491
79
209
308
157
88
148
408
352
466
95
257
488
497
25
252
491
491
80
121
144
503
317
357
236
81
69
532
23
111
391
364
455
226
459
330
29
259
527
122
390
178
356
443
442
228
518
81
441
517
137
298
484
404
172
497
450
517
481
234
274
416
514
527
335
166
454
520
481
251
353
81
171
402
252
322
375
438
61
363
458
77
396
428
268
212
345
288
218
155
478
54
480
148
58
530
105
467
18
246
33
494
374
77
438
331
384
371
380
10
21
440
128
301
109
182
194
384
3
294
102
410
439
59
85
430
99
326
78
439
154
65
132
490
153
542
490
244
135
10
461
84
245
160
433
406
419
510
116
56
95
315
361
458
277
450
468
323
479
220
212
446
389
468
340
203
331
362
445
286
488
9
150
30
382
211
524
307
343
326
151
85
238
69
327
298
474
218
397
227
334
31
382
234
200
182
146
365
363
366
381
177
367
185
171
380
325
108
285
437
303
435
104
372
172
492
41
451
115
297
141
198
202
219
75
157
237
115
75
334
145
499
273
190
309
160
454
273
294
43
78
170
491
256
29
411
538
151
168
509
51
359
330
159
159
29
44
453
318
295
132
377
35
261
310
219
276
78
474
507
423
31
95
217
234
272
447
379
324
514
136
97
77
286
262
324
171
204
366
73
484
374
79
367
409
416
114
194
99
326
311
454
158
68
11
83
395
499
374
140
544
109
172
407
122
79
420
193
176
223
314
98
269
166
497
218
346
66
231
414
375
481
229
221
360
91
283
345
373
165
257
180
511
521
134
498
236
473
265
79
206
432
459
183
371
380
88
149
338
183
310
496
502
150
402
75
116
341
400
203
98
151
357
436
534
51
336
254
191
425
339
189
527
96
5
55
105
433
38
344
437
504
148
88
327
8
223
447
384
7
435
64
211
58
167
436
435
406
453
272
262
218
224
365
77
200
454
278
33
512
535
55
31
78
388
426
237
322
8
498
527
309
37
224
105
163
392
419
185
433
374
70
465
258
446
242
258
357
529
138
15
255
75
367
93
400
57
136
322
522
537
383
296
429
511
455
469
35
510
19
378
190
53
62
279
258
431
189
466
187
55
491
111
15
169
202
471
228
66
427
340
500
250
152
14
528
27
234
495
29
46
157
165
522
522
70
333
107
211
36
291
79
375
322
171
210
427
253
529
243
330
291
258
17
154
229
234
400
0
352
518
198
139
324
359
498
305
259
151
280
187
48
411
120
459
478
47
515
518
368
464
364
54
45
168
313
410
10
20
541
117
68
224
368
203
75
316
337
260
495
112
294
476
282
190
404
130
335
140
9
328
149
99
24
166
339
307
35
436
313
26
427
332
413
218
174
223
2
473
6
313
347
541
70
141
82
170
481
422
352
468
324
418
497
467
392
393
134
327
293
53
109
224
258
287
409
259
447
496
109
310
532
219
218
525
272
464
339
292
108
15
234
46
427
276
172
449
120
94
405
20
91
109
89
18
349
333
458
46
455
269
198
379
119
232
84
439
25
311
478
133
507
168
11
376
279
102
196
201
340
180
122
3
427
490
4
446
14
9
325
254
227
210
261
85
242
308
61
23
343
62
380
50
343
493
434
303
379
200
503
151
469
169
418
195
225
429
338
497
231
541
313
229
408
6
420
53
327
386
176
404
63
141
134
23
533
42
208
40
66
400
51
242
183
408
263
493
129
53
410
293
96
289
121
6
351
478
515
506
217
496
85
494
93
435
136
97
474
178
364
138
292
518
276
158
363
305
163
140
231
219
348
86
360
249
36
4
484
74
502
199
183
418
70
67
281
510
315
43
180
468
241
300
352
46
309
494
20
140
539
207
428
153
217
398
318
324
272
488
525
57
213
368
135
328
27
153
448
214
464
521
78
232
198
143
43
531
125
328
165
473
537
255
482
459
99
476
263
506
92
151
6
515
307
505
414
279
31
377
132
273
333
196
192
17
524
437
310
122
228
390
123
512
504
514
401
163
112
406
55
30
450
142
464
109
7
104
395
352
523
358
187
410
165
507
28
299
542
261
419
288
76
327
493
356
40
56
322
455
43
352
90
140
332
214
330
309
512
254
214
7
41
393
75
483
15
112
114
184
341
208
154
527
515
97
530
141
98
118
525
317
475
69
64
74
333
438
314
395
19
362
234
261
142
387
362
483
200
99
16
280
168
376
106
201
542
493
263
293
28
209
227
395
373
321
0
111
335
17
269
96
30
368
207
338
318
117
435
524
78
350
528
6
455
210
505
194
510
410
45
278
263
77
456
319
174
152
420
351
228
344
53
447
346
478
196
461
11
203
271
41
149
164
180
448
189
306
242
442
471
102
250
224
442
330
26
518
196
88
242
268
120
404
534
191
377
175
31
318
3
143
139
418
479
176
446
240
193
162
481
356
330
193
123
489
397
348
10
528
161
380
94
471
448
60
236
368
43
292
336
543
511
371
408
498
438
427
248
160
173
348
289
305
44
148
287
308
330
74
71
349
501
78
489
412
344
481
90
177
137
118
330
158
470
53
230
55
222
283
374
48
199
50
206
378
168
97
261
65
346
136
312
455
390
292
513
23
25
247
503
404
390
192
136
276
447
61
103
30
428
86
492
304
439
45
268
84
540
477
169
8
211
48
252
126
408
437
296
53
545
153
227
15
147
195
399
369
178
129
289
116
16
178
497
219
116
384
180
443
80
539
498
205
313
261
32
472
191
161
531
100
218
94
503
228
269
178
187
147
116
326
375
437
305
114
420
83
391
266
437
241
390
323
103
296
508
258
4
412
231
125
513
442
247
375
291
88
36
255
136
207
247
38
218
387
449
30
533
395
284
360
440
433
348
392
423
206
496
63
12
284
301
476
73
68
473
444
234
163
170
308
447
23
309
404
147
490
270
295
241
125
451
190
298
344
153
350
343
179
285
366
31
242
222
487
385
408
144
155
220
132
176
211
261
244
386
335
133
403
228
356
470
313
61
168
522
466
514
83
533
4
306
157
393
118
150
0
23
311
240
26
221
150
389
381
435
363
77
282
36
168
125
485
189
85
269
325
93
420
205
464
107
363
290
114
58
374
305
73
128
168
453
364
61
66
407
538
404
369
64
159
312
446
257
129
64
311
35
539
257
413
137
268
242
253
62
353
452
53
449
134
283
164
228
359
324
200
154
306
140
409
378
139
156
266
312
357
139
249
288
460
527
476
97
76
199
164
535
200
324
417
99
239
373
292
139
246
138
397
405
52
167
430
53
507
217
160
58
3
227
487
73
369
407
226
118
440
503
390
272
165
533
213
189
378
477
478
142
204
465
441
460
444
286
174
419
165
156
41
359
272
279
484
372
188
190
383
295
423
168
379
126
151
308
229
10
351
325
481
124
415
367
530
385
522
300
295
141
20
277
486
58
358
168
524
271
102
15
435
221
439
272
2
165
325
5
363
329
224
89
114
6
84
302
385
268
77
0
316
443
255
289
476
367
463
445
266
320
385
330
59
62
367
101
468
119
115
324
310
526
394
50
514
323
214
240
507
156
434
502
251
229
24
418
328
327
199
343
296
190
65
147
41
497
87
161
3
188
262
507
60
364
190
121
82
217
119
298
413
213
359
84
320
464
26
193
492
537
415
160
485
56
56
289
522
79
254
348
314
143
269
183
353
542
78
12
141
169
123
234
343
356
395
267
527
460
435
291
303
236
538
271
370
407
128
227
450
298
102
166
228
79
518
257
483
109
163
354
158
506
172
25
107
90
54
222
372
177
287
278
79
3
394
309
5
40
527
66
313
351
245
63
377
183
44
538
2
173
19
428
139
268
77
528
72
58
162
211
70
152
494
102
403
110
510
128
543
336
353
357
290
476
50
132
276
54
491
493
444
386
21
191
102
448
22
485
142
351
88
261
18
88
27
453
509
444
449
496
114
203
224
69
247
523
536
159
74
345
38
95
189
101
98
477
526
154
34
395
326
110
397
512
66
413
116
109
316
432
220
402
156
305
186
485
412
441
144
223
185
312
21
539
177
444
197
99
258
232
471
296
30
302
531
442
71
166
513
372
515
35
99
495
6
477
306
51
84
44
348
214
79
52
251
379
391
408
384
541
175
500
90
301
488
176
113
387
194
227
152
82
30
476
236
171
445
226
415
394
20
274
146
151
242
9
321
17
239
318
229
221
128
410
264
290
540
426
505
136
509
517
413
14
50
366
7
33
327
471
296
377
269
346
108
252
41
369
161
21
464
28
234
196
363
206
116
541
12
37
214
254
349
143
18
395
332
287
431
18
28
436
526
312
438
418
386
379
296
132
68
343
8
315
475
70
404
150
444
269
312
78
335
125
49
491
233
465
343
477
179
163
369
371
392
26
479
255
6
467
284
97
208
210
183
458
378
260
44
52
56
62
225
187
7
498
25
538
532
364
268
84
382
225
69
48
392
449
301
359
73
401
314
443
349
179
227
306
75
482
488
494
341
447
17
133
345
214
107
189
434
537
20
358
352
284
213
10
543
128
337
77
366
464
57
224
151
3
471
460
141
354
113
502
121
234
89
422
18
367
406
270
181
406
154
183
531
516
446
405
114
463
238
477
178
134
441
188
523
57
149
491
211
411
496
449
204
127
280
342
537
528
119
99
334
348
457
132
287
254
381
456
516
169
201
383
397
80
198
218
118
275
229
467
393
388
436
56
535
279
243
288
23
384
447
136
337
213
76
409
398
245
302
323
406
35
91
58
543
142
181
337
76
469
538
426
123
35
204
527
203
371
428
119
396
430
300
440
209
33
379
465
93
397
269
247
235
222
308
524
327
350
83
158
63
237
504
421
237
328
129
545
459
57
475
133
237
19
77
414
450
455
73
417
333
398
312
479
520
79
524
493
274
407
192
496
209
386
346
330
25
300
289
456
362
192
92
71
130
340
302
519
160
133
232
541
489
263
42
444
251
52
373
124
269
474
403
71
284
145
131
289
505
495
308
70
356
200
407
318
44
425
361
35
28
279
162
314
451
192
44
30
374
312
520
413
235
185
5
359
478
177
240
191
157
448
432
394
483
115
350
400
50
274
486
444
199
245
544
177
168
441
90
523
229
320
6
137
400
47
173
373
513
311
7
256
531
311
66
452
315
112
362
24
139
202
335
284
52
436
231
251
368
259
165
211
310
276
508
370
339
185
516
504
249
471
143
75
199
534
387
491
207
235
47
507
203
23
476
29
456
2
53
107
56
148
342
251
145
469
506
470
249
377
100
459
394
185
343
21
192
268
362
69
531
1
130
126
472
433
145
462
312
307
260
521
62
408
413
140
241
447
395
450
488
44
13
52
149
340
417
50
277
428
311
69
366
187
378
359
156
540
394
449
398
133
248
536
499
452
533
450
282
505
143
393
376
425
324
154
224
189
204
125
413
488
158
122
374
380
257
303
19
61
452
64
220
97
213
361
491
403
277
364
1
308
165
348
145
295
261
305
342
394
397
484
464
357
89
202
238
244
148
364
471
184
149
325
496
524
246
59
43
443
429
86
269
133
133
195
251
438
234
17
95
536
545
96
85
329
135
152
191
271
266
477
208
442
105
374
207
140
414
263
353
199
211
305
119
283
256
221
159
193
376
125
64
73
411
263
228
213
484
100
87
525
479
131
269
413
320
445
402
184
264
200
380
237
336
401
290
316
535
455
236
338
411
394
169
424
298
419
488
85
480
123
370
247
154
165
399
52
179
58
524
328
127
173
492
418
66
181
4
115
224
302
395
279
49
45
124
47
245
442
318
97
97
279
112
25
255
253
228
267
163
347
171
75
457
453
327
210
134
415
356
253
406
35
19
522
152
442
337
331
124
534
380
338
40
128
517
359
543
447
220
37
262
63
175
456
440
146
198
189
529
155
453
361
195
339
286
9
286
187
373
198
101
191
117
156
135
125
197
42
385
397
515
519
125
281
411
264
69
309
215
69
2
278
289
177
77
467
5
205
57
80
346
140
55
243
374
344
469
435
165
181
203
236
172
450
215
486
31
398
75
446
271
265
170
351
80
63
489
509
42
452
190
284
98
55
446
215
271
234
224
71
280
318
420
123
319
370
281
415
141
343
87
371
191
373
531
347
72
89
332
334
497
501
489
363
526
222
147
79
381
270
238
154
118
419
388
158
14
469
498
498
120
80
536
57
151
82
409
395
147
10
339
159
58
262
545
264
336
227
146
129
187
501
277
50
510
288
211
179
389
125
234
356
309
312
333
186
523
158
150
502
363
441
479
263
528
315
98
204
468
45
276
329
213
242
366
219
237
360
417
472
148
474
306
462
531
68
170
504
321
434
422
197
414
215
98
490
107
52
508
222
464
503
467
471
215
464
510
285
344
112
457
321
219
344
34
40
249
438
444
358
378
347
312
187
401
156
40
54
169
240
139
239
221
317
71
90
20
152
261
29
51
386
188
404
479
339
82
114
117
191
393
363
138
351
305
196
448
530
352
181
517
29
285
13
334
177
394
188
158
202
374
408
101
55
115
285
519
542
256
40
324
370
426
423
232
175
228
359
310
259
476
373
120
300
239
403
174
149
354
50
150
80
308
64
490
128
466
435
410
331
22
298
305
457
507
439
151
73
178
375
331
56
445
123
109
155
296
309
92
267
71
139
332
43
77
452
464
482
298
195
313
213
53
273
495
100
356
196
329
104
500
298
417
250
107
486
318
280
188
62
322
483
438
40
429
77
417
492
247
230
527
179
400
201
241
41
72
534
249
257
114
497
396
382
108
2
219
347
36
480
219
522
335
506
422
479
400
281
302
535
255
125
501
181
143
527
134
198
56
154
284
287
70
394
9
354
431
504
57
403
382
359
238
53
142
152
225
470
105
97
198
289
253
530
184
435
199
245
43
413
167
148
269
247
313
235
0
29
223
413
290
12
75
243
261
38
88
191
330
374
82
544
199
298
391
131
216
126
155
115
302
130
181
192
333
91
337
416
158
405
170
403
330
77
38
450
359
45
337
31
373
452
421
124
352
462
448
443
68
193
326
170
337
32
36
507
66
141
279
18
450
278
201
235
541
290
197
373
73
438
259
112
447
161
5
39
459
397
116
237
349
536
537
452
163
55
167
385
467
350
133
542
462
456
45
69
259
309
532
143
253
152
415
285
375
307
500
21
157
433
512
391
315
71
313
54
357
327
246
427
403
452
164
112
316
164
5
34
153
462
141
487
311
217
51
19
83
276
294
0
419
436
378
282
350
212
78
311
195
184
539
140
291
173
222
29
397
525
483
280
500
253
511
424
319
455
431
267
382
120
275
432
187
252
376
257
255
232
4
525
79
280
147
63
468
321
512
108
15
298
363
72
510
511
452
468
493
245
396
124
370
32
524
297
496
516
96
250
308
305
245
461
272
530
289
484
375
88
499
127
521
254
356
449
137
127
167
467
284
462
343
33
108
514
484
156
90
203
239
454
134
231
287
303
432
476
15
247
127
401
380
368
312
88
408
399
79
205
539
73
160
239
473
181
407
190
425
357
95
294
452
10
145
273
239
202
443
42
111
515
376
451
40
138
227
46
283
356
375
485
72
25
475
117
113
199
278
507
527
199
531
499
24
313
113
540
249
139
532
495
179
411
204
204
456
386
146
20
316
502
421
155
86
87
393
278
178
359
273
446
531
122
41
234
506
488
234
283
471
39
111
131
192
37
143
238
194
24
198
496
282
300
450
524
51
18
223
71
105
78
54
168
481
411
485
135
313
526
105
428
16
98
123
270
357
18
517
381
154
268
207
427
476
156
521
519
42
138
508
55
87
162
208
360
5
11
311
188
191
28
182
338
145
371
318
212
534
338
315
223
495
93
34
27
394
264
81
31
279
185
108
128
208
346
35
425
526
423
182
480
457
423
156
142
174
530
349
389
271
59
35
261
71
515
532
159
391
69
89
131
515
465
513
231
124
427
30
165
272
91
160
322
436
315
40
427
213
439
192
60
458
474
69
426
221
363
233
21
97
51
531
195
41
312
363
307
115
361
377
366
446
254
335
171
78
327
0
281
407
217
415
293
427
242
83
128
442
364
145
305
520
414
345
96
145
105
263
254
481
421
212
52
493
194
423
469
321
176
335
329
471
526
341
324
515
264
352
11
439
235
291
5
98
259
90
190
236
211
493
180
423
51
381
173
516
263
90
462
223
332
201
100
86
484
496
462
540
165
175
350
313
477
127
261
22
299
384
37
167
184
494
506
315
163
482
450
242
276
255
238
42
63
429
431
85
286
342
194
103
452
437
296
121
155
343
314
417
254
319
111
469
483
31
296
311
362
102
189
303
543
136
419
122
146
300
305
481
153
351
29
287
410
201
475
235
101
284
338
438
477
538
454
33
29
206
438
249
261
126
534
485
539
196
34
449
425
194
179
213
489
216
190
521
193
260
134
267
534
396
18
320
399
159
230
