89
169
34
73
209
34
39
111
40
34
40
100
89
209
161
153
40
34
117
115
203
161
150
89
155
73
278
211
39
144
31
40
161
111
211
65
34
40
34
161
155
295
73
161
39
240
203
164
39
203
169
40
144
39
34
236
174
332
40
40
278
31
161
34
209
34
295
177
243
73
111
203
40
168
236
34
148
161
161
151
203
161
209
161
39
73
302
209
39
115
34
177
236
39
211
34
144
39
161
34
211
34
161
133
132
40
51
229
40
169
144
118
40
73
40
161
155
155
34
183
151
211
31
211
332
169
211
177
34
203
34
39
202
278
40
111
82
236
40
203
118
210
73
177
34
111
34
202
82
161
302
202
302
97
31
177
209
202
203
161
327
31
203
211
174
111
278
40
51
31
209
295
240
73
39
34
40
73
34
40
177
177
161
240
155
111
34
118
177
203
174
146
161
161
39
40
209
285
153
39
50
39
40
161
164
212
214
34
153
209
203
153
34
39
34
210
148
203
153
40
210
118
211
82
39
73
202
39
40
34
31
153
257
329
209
244
202
40
278
168
209
17
236
169
161
89
257
111
111
34
295
40
85
169
39
161
247
97
236
155
8
34
231
295
40
199
115
34
306
161
117
168
161
155
203
285
199
203
295
161
161
169
85
203
40
34
299
50
278
271
236
34
34
236
231
40
34
169
34
327
39
34
39
144
151
161
40
134
177
40
40
230
161
209
203
97
151
34
65
161
161
227
161
34
236
41
39
211
144
161
183
211
168
177
132
203
295
174
236
122
209
155
8
302
271
111
155
34
183
34
118
203
155
155
168
161
40
161
210
40
117
88
40
161
271
40
34
236
34
211
161
302
40
168
34
330
122
174
40
51
40
203
332
111
34
209
151
12
177
203
40
255
39
177
153
40
34
40
100
161
168
329
295
295
151
169
211
177
203
183
34
161
34
236
200
211
39
118
31
31
326
118
94
94
41
94
40
166
247
211
94
31
289
326
247
271
247
85
236
31
118
34
271
118
247
247
236
200
257
202
118
118
316
151
118
236
166
211
236
85
236
118
264
31
271
118
94
174
247
247
85
271
39
289
211
247
115
40
41
202
184
184
166
200
271
247
224
164
202
224
31
257
247
236
98
164
247
40
316
40
118
63
94
118
202
118
94
174
289
236
155
264
40
41
247
321
39
118
271
257
39
224
271
211
118
236
184
34
166
41
40
63
31
41
211
239
85
168
41
239
40
31
31
31
257
153
40
202
39
41
166
316
31
118
115
184
202
166
190
271
94
236
39
271
118
174
247
236
94
264
247
211
153
101
200
212
161
160
161
101
101
34
34
229
302
161
236
101
151
63
31
184
297
200
200
200
200
49
160
161
0
118
171
160
34
63
247
63
66
98
308
85
251
115
161
243
99
184
151
34
236
161
236
161
151
151
20
34
63
302
200
161
151
161
200
240
161
140
151
200
236
34
161
200
42
34
34
237
34
151
0
31
34
63
161
297
184
35
140
97
200
41
151
161
151
200
101
321
34
161
153
200
31
253
31
200
34
42
34
229
151
200
63
34
41
151
200
34
161
161
247
200
171
184
309
34
31
63
200
202
200
184
247
171
236
200
184
34
160
202
200
160
63
40
151
34
101
308
207
251
53
179
200
297
184
34
65
200
34
118
63
101
321
240
151
183
31
200
161
321
200
247
184
34
200
118
161
200
118
290
305
34
184
161
101
34
101
66
31
160
200
151
200
297
98
101
161
171
247
118
85
229
41
161
200
98
161
34
200
49
63
160
161
302
247
184
41
118
161
151
202
254
151
35
101
35
34
151
21
171
117
155
34
200
251
151
111
257
34
200
63
123
161
184
35
115
155
53
161
243
35
236
34
207
0
101
35
184
161
200
200
200
117
200
251
321
63
302
161
34
34
161
65
200
108
151
34
171
200
160
167
257
34
34
161
200
34
236
200
101
297
31
151
161
167
200
66
97
271
184
247
97
202
161
184
257
85
41
256
140
151
151
36
118
202
236
31
274
190
118
283
190
151
151
257
8
257
271
271
211
118
2
34
97
34
15
155
34
227
247
39
236
247
183
184
40
310
202
53
119
97
118
118
126
98
236
190
118
257
98
82
247
202
209
161
137
160
34
257
118
211
200
53
18
118
107
115
247
97
236
184
211
161
39
34
34
183
118
200
34
113
151
41
137
184
271
97
271
118
190
311
98
211
15
190
118
135
220
257
39
200
236
126
190
53
118
236
40
39
31
211
107
141
111
53
247
18
184
97
211
227
39
236
227
40
39
289
184
190
220
151
116
126
118
236
236
39
34
35
118
118
184
184
183
97
184
227
256
31
111
39
34
184
34
289
184
31
236
257
118
184
34
155
98
97
118
247
194
53
118
113
34
97
181
161
155
97
151
111
34
126
98
40
41
184
236
239
120
31
97
236
332
53
151
161
39
34
34
40
40
292
40
211
118
184
211
211
159
34
118
236
41
39
257
118
115
247
31
53
247
226
126
53
107
247
161
110
264
247
161
115
39
151
190
126
98
190
126
141
53
140
31
247
211
161
161
126
247
240
181
184
236
136
292
2
90
211
63
126
200
151
183
227
98
118
34
247
151
257
211
34
183
161
236
136
31
248
247
183
31
15
97
151
151
136
118
241
41
63
310
151
34
184
241
271
202
247
97
161
34
184
111
34
31
184
190
166
34
161
247
51
2
151
184
200
151
211
34
98
73
118
247
151
53
36
94
34
271
8
98
136
118
85
209
40
236
202
111
39
184
201
240
34
34
8
184
39
257
236
184
256
36
63
94
236
126
236
200
53
236
107
39
113
227
107
27
118
34
200
63
247
41
190
209
211
24
151
161
200
118
271
190
53
97
98
118
107
98
68
151
19
140
40
161
39
247
34
118
211
34
53
162
211
98
184
212
113
161
211
113
160
226
98
94
236
98
247
97
34
53
31
161
247
303
226
90
140
63
239
151
118
236
247
160
240
211
236
97
200
118
39
177
34
118
303
118
126
118
43
236
97
184
184
126
220
40
94
190
236
151
8
247
247
120
98
184
184
236
136
151
184
303
39
236
211
181
286
63
200
97
118
247
126
226
2
40
97
184
202
302
123
247
126
126
289
31
211
212
118
184
211
34
98
161
118
303
118
184
184
184
53
41
136
257
113
161
36
184
15
151
118
211
34
211
41
184
118
63
120
68
211
111
161
98
140
31
303
151
34
202
211
203
227
98
123
211
118
190
39
184
97
184
74
53
118
211
226
115
34
110
94
211
34
34
236
118
240
161
34
151
236
8
120
211
190
161
260
126
203
184
316
151
34
184
85
303
120
118
123
247
107
118
250
34
41
227
34
257
257
57
160
209
236
183
15
184
247
34
183
159
211
39
34
118
118
271
18
321
66
161
2
202
97
40
227
151
115
289
40
82
247
85
117
202
97
23
261
160
148
265
247
286
200
97
219
217
118
229
25
231
194
82
236
271
151
236
53
285
184
243
280
118
292
236
183
236
25
177
115
322
22
4
34
34
177
8
100
34
307
111
190
37
321
40
271
285
229
236
118
136
117
40
285
329
34
39
212
60
160
175
97
56
211
254
59
152
111
128
292
88
205
73
153
236
219
34
257
82
160
234
39
257
202
91
85
257
221
271
307
39
255
247
160
111
272
236
229
25
40
105
208
247
36
316
111
41
229
279
211
247
58
227
257
217
106
43
187
290
151
17
54
4
205
236
183
94
141
97
265
200
298
247
221
304
247
181
295
285
98
247
82
85
247
297
118
285
161
136
152
41
200
331
229
34
118
236
136
118
85
133
126
247
307
271
111
314
243
236
82
40
240
118
25
243
71
220
246
117
111
316
140
97
236
8
146
144
85
202
234
177
41
185
117
219
202
204
264
43
127
202
98
82
117
160
285
94
192
39
321
160
66
82
274
151
4
97
44
118
236
123
211
247
97
160
39
253
40
115
118
39
211
285
209
117
304
151
161
236
285
115
275
41
229
183
115
240
41
261
63
119
223
207
25
34
264
219
34
111
42
8
164
132
161
111
123
34
200
174
123
236
184
31
251
184
304
207
271
211
41
315
200
285
82
184
160
110
247
240
220
236
85
211
111
82
211
249
41
280
107
236
164
107
236
110
255
193
307
161
168
257
40
118
158
155
151
151
202
40
316
154
160
111
154
211
200
34
85
307
155
292
161
292
227
240
168
321
34
40
63
97
91
242
175
107
148
307
194
152
251
4
43
39
41
280
202
115
115
39
134
202
287
211
160
200
152
219
265
205
85
118
183
40
232
34
97
43
107
135
274
161
218
292
265
98
290
200
85
53
7
164
51
201
266
243
25
200
298
118
25
151
128
297
34
118
236
111
184
247
236
202
212
292
2
284
247
264
329
31
148
211
247
151
53
63
85
202
184
98
115
301
319
229
136
236
36
111
63
271
257
118
161
111
223
111
240
251
111
85
39
255
173
160
63
118
190
118
298
34
202
183
85
212
160
98
22
161
53
217
97
211
23
202
209
65
43
63
98
107
25
140
193
285
108
229
37
31
257
247
128
36
184
20
111
40
130
98
111
2
36
40
229
218
168
27
257
236
36
91
190
246
171
177
184
158
184
36
66
152
146
211
118
2
247
161
155
123
236
231
95
297
85
82
285
111
268
63
118
34
247
148
160
37
211
271
171
153
107
319
296
329
82
21
292
117
321
37
212
62
82
153
285
247
84
41
219
211
152
119
319
217
151
56
160
100
53
251
236
126
97
247
41
41
116
265
111
244
151
152
161
147
202
40
221
161
329
82
219
140
97
118
298
219
211
152
156
236
70
2
223
106
200
118
301
4
307
107
305
161
202
27
151
208
97
117
316
211
155
85
63
164
63
118
82
39
21
227
30
128
2
292
41
140
48
82
82
190
242
111
177
284
40
144
236
39
169
118
34
107
316
154
219
36
111
223
257
118
128
39
264
271
160
174
211
41
247
152
37
2
319
85
125
265
129
63
136
107
2
264
271
123
264
258
107
36
4
4
143
40
169
41
253
316
169
161
177
63
240
177
34
34
52
118
111
20
39
240
42
223
169
40
200
85
240
321
153
211
44
218
227
202
203
82
4
111
249
211
264
85
227
21
164
62
329
264
212
62
183
118
29
31
174
307
194
84
85
63
257
4
31
155
202
207
227
2
265
16
118
127
243
264
304
151
39
202
82
272
98
236
118
118
183
296
97
247
243
211
40
277
137
274
85
236
97
200
144
211
39
63
207
236
161
53
296
36
184
236
243
34
108
125
305
118
247
281
94
85
217
166
98
174
257
31
181
117
261
202
34
266
4
320
281
31
34
180
151
74
307
255
269
154
63
209
236
137
40
94
23
253
97
296
151
76
236
161
211
213
118
319
85
41
285
285
247
173
247
302
314
184
41
290
168
247
227
53
34
161
285
304
164
257
148
211
152
151
236
211
2
321
211
118
223
71
185
249
157
118
267
152
244
53
4
31
205
211
97
97
247
111
257
37
151
4
65
21
111
178
40
74
164
140
242
31
140
202
115
20
151
74
111
82
111
166
36
211
34
177
271
202
162
126
31
148
151
20
257
236
136
225
34
22
285
271
56
151
36
37
65
56
40
48
174
257
161
329
38
272
36
171
160
74
25
63
172
289
200
153
63
155
209
76
151
85
23
94
285
321
63
160
34
314
37
174
305
119
2
31
115
71
34
227
63
123
247
53
40
118
36
282
215
37
4
40
116
255
125
285
69
236
111
190
119
152
34
292
205
249
53
2
111
118
243
107
264
117
128
200
247
115
43
307
240
97
169
263
118
136
41
111
107
229
21
174
98
285
247
22
221
36
200
319
169
257
152
148
4
219
200
236
82
161
41
329
37
34
200
247
205
257
34
257
153
227
305
40
85
36
184
22
123
151
34
174
151
115
4
111
128
8
328
108
200
22
264
314
329
206
40
211
324
4
231
85
83
307
203
37
217
34
240
119
82
226
271
115
152
219
236
111
2
118
34
168
229
67
111
53
307
41
197
200
2
34
141
329
281
183
285
231
236
106
98
247
290
257
8
254
36
53
97
20
20
307
321
161
236
285
240
128
77
25
202
111
152
200
21
200
285
236
184
118
40
205
174
37
262
30
63
152
174
36
232
31
170
200
41
31
174
31
155
151
151
236
94
31
200
2
244
266
22
45
212
320
200
107
184
177
251
38
231
133
118
231
174
2
34
211
227
39
118
160
200
107
76
123
247
98
144
177
170
202
123
82
208
66
71
202
137
217
307
136
37
262
161
247
39
111
153
85
227
9
244
319
200
118
247
211
160
21
125
34
184
21
107
133
155
98
316
41
41
31
82
76
301
63
36
247
151
194
4
272
285
243
208
155
264
27
106
98
164
65
197
236
285
33
155
34
285
184
211
41
208
34
219
161
4
53
211
151
161
111
31
151
151
314
98
264
211
190
85
200
247
123
31
151
329
83
128
41
31
85
8
170
120
273
111
152
22
140
236
37
37
296
266
160
111
271
41
184
221
53
285
111
111
85
247
294
329
291
107
34
118
31
329
116
285
211
151
292
248
118
236
257
202
151
207
40
266
25
108
164
34
39
25
257
209
200
134
248
236
236
128
136
284
158
85
7
176
177
166
118
168
21
41
107
202
184
217
111
316
292
314
203
97
136
158
136
226
284
217
32
236
308
153
153
231
200
107
236
33
175
100
155
200
36
282
168
247
169
119
218
183
264
264
160
63
4
98
111
194
93
247
4
120
226
107
111
4
240
37
152
135
202
211
133
161
164
118
107
285
246
307
40
151
82
34
118
85
202
153
236
125
106
116
246
82
173
236
269
229
63
102
285
308
118
227
40
292
281
2
4
240
50
247
209
161
305
223
307
33
34
202
161
41
40
257
264
277
305
43
126
285
184
107
211
97
200
200
208
328
202
161
183
118
321
184
107
118
53
97
285
331
82
247
240
38
151
227
31
34
151
27
97
17
243
115
202
79
39
277
53
308
25
324
175
8
123
329
202
158
227
97
236
208
285
107
118
128
166
107
98
285
236
56
31
168
236
62
4
296
202
175
37
53
243
319
36
247
107
84
135
161
161
290
97
286
111
304
115
34
173
236
40
21
85
227
236
236
291
184
63
27
220
164
63
200
62
236
82
156
34
144
151
82
202
39
202
2
307
211
229
226
292
229
168
41
257
292
109
31
36
115
41
166
227
219
59
313
200
43
236
63
324
152
285
240
243
23
107
126
111
161
211
34
82
321
181
331
289
34
98
85
319
190
200
184
140
25
2
34
111
219
107
217
256
98
277
34
118
97
246
207
183
184
301
290
281
198
31
190
125
183
296
86
261
34
285
243
229
202
111
219
316
174
219
110
273
227
33
118
174
46
85
88
211
111
234
202
231
151
151
118
8
119
240
107
31
169
219
34
126
23
2
118
85
152
97
39
98
320
41
307
209
37
152
164
82
23
161
107
292
97
238
85
187
207
258
41
118
144
295
262
313
184
141
328
8
211
308
258
31
140
107
257
161
34
141
111
156
161
184
282
236
82
168
277
34
236
223
119
219
170
118
118
53
240
217
168
168
98
39
211
34
202
82
41
34
25
136
285
251
111
151
236
174
307
169
40
34
37
82
177
212
161
244
168
151
277
292
4
43
197
31
176
110
161
82
111
118
202
200
160
155
160
34
181
295
184
118
319
34
151
151
226
168
184
240
190
229
118
243
152
307
117
65
293
226
97
31
223
236
37
217
30
166
2
236
207
236
7
212
282
97
152
265
163
34
243
166
8
184
118
39
164
2
277
137
236
324
220
63
211
292
151
219
82
324
151
53
257
20
292
107
236
41
118
187
140
161
251
34
118
137
83
161
320
4
34
69
292
296
107
247
281
98
257
160
190
85
271
17
202
111
217
136
277
223
151
37
66
328
98
25
209
160
31
160
63
257
157
229
219
184
41
62
118
40
202
174
118
35
284
289
31
183
271
265
202
223
168
200
253
141
207
247
292
34
148
10
247
285
111
209
94
233
236
203
111
200
111
264
236
242
8
160
107
97
176
111
329
219
31
236
176
98
107
152
22
270
41
9
187
305
202
236
34
43
203
74
236
155
208
117
21
298
41
36
236
275
107
136
148
206
2
16
154
321
107
65
242
74
151
247
78
36
61
247
219
219
151
140
247
162
111
152
34
241
107
119
288
321
140
223
39
151
107
34
4
169
98
202
126
34
111
85
152
98
133
151
125
41
177
118
30
236
41
151
151
118
236
41
118
255
85
39
66
155
200
307
97
111
211
249
166
151
98
27
25
144
271
97
26
107
134
2
98
247
63
211
25
43
161
115
161
23
151
21
302
236
104
24
307
30
4
39
118
34
183
2
97
152
161
155
240
118
71
4
304
285
107
63
5
125
218
249
36
111
79
111
118
28
25
202
166
160
111
187
184
236
45
247
2
160
219
30
272
253
111
177
168
33
118
151
152
36
202
39
115
211
111
41
74
190
34
277
63
26
247
107
25
4
23
94
66
227
117
164
195
30
134
295
207
211
151
243
265
111
30
2
227
140
217
111
152
190
308
169
118
228
73
161
161
135
21
25
173
85
40
155
39
119
229
304
118
153
218
285
271
152
40
41
62
227
63
255
177
246
125
36
271
182
236
98
161
314
126
111
152
118
97
85
40
148
282
247
63
323
181
151
115
140
200
85
325
53
97
94
34
53
227
40
280
170
227
285
151
25
236
125
285
231
325
174
33
34
34
151
31
82
240
4
118
266
94
160
203
236
38
119
308
151
170
151
319
169
34
204
116
227
181
219
140
53
40
321
63
243
24
154
82
82
247
174
187
236
118
174
170
240
140
240
118
271
224
107
119
211
301
229
119
25
257
181
43
285
166
247
111
97
236
164
200
97
174
264
173
97
85
264
88
97
236
219
73
7
62
183
307
217
211
151
118
40
160
34
31
8
223
307
174
184
281
152
257
314
229
161
190
307
203
118
236
85
257
211
304
111
190
219
107
219
249
143
153
181
111
41
307
111
47
82
117
4
200
5
321
118
256
54
4
111
4
274
34
166
169
118
144
98
85
200
217
285
97
40
39
97
63
240
98
118
184
63
203
39
36
4
313
200
168
209
229
4
27
110
184
35
73
51
98
271
97
85
183
132
173
223
118
98
324
183
240
314
236
4
97
82
107
289
34
247
53
307
247
189
63
4
21
40
151
235
59
143
53
88
307
247
155
194
27
246
126
71
260
168
20
39
53
247
34
160
118
184
202
2
152
184
246
246
77
13
316
308
271
38
184
289
107
82
247
211
200
117
40
98
183
219
249
140
183
74
4
202
97
37
2
65
153
85
2
304
319
91
308
273
117
22
242
11
111
118
34
174
202
188
161
30
321
107
82
173
118
184
265
94
118
190
211
4
160
272
40
2
63
104
183
98
63
200
160
200
136
80
118
183
43
184
240
225
63
117
31
202
118
312
174
37
285
240
219
166
211
148
247
155
316
144
27
227
21
169
211
329
201
31
31
160
107
190
184
298
34
183
39
158
63
144
238
213
85
65
211
257
31
83
244
22
34
152
97
34
97
257
184
161
177
292
33
173
65
184
157
202
111
76
2
255
161
34
160
243
140
34
20
76
278
155
247
152
248
43
118
151
194
4
152
20
73
111
268
39
239
151
59
247
118
39
31
240
190
35
168
321
247
255
2
211
247
82
40
30
140
218
247
184
2
190
108
31
140
182
208
247
324
118
98
240
79
30
247
200
94
118
143
39
39
164
37
170
242
200
184
97
236
151
290
144
247
21
202
271
111
211
85
43
82
111
94
184
212
236
209
68
316
85
296
307
236
236
36
98
152
123
247
177
117
161
229
181
202
184
176
34
153
202
66
271
236
246
236
33
118
140
111
111
41
160
202
323
34
97
152
20
255
161
118
200
82
34
34
307
220
247
181
85
82
233
152
151
63
160
141
94
202
201
81
31
184
236
128
160
82
229
302
41
36
119
22
161
41
41
27
107
329
211
111
223
217
140
200
240
155
202
206
34
31
227
4
164
135
5
246
161
126
227
181
295
117
34
98
240
84
117
21
314
36
111
20
118
205
236
2
118
160
247
16
271
63
328
236
184
236
160
202
23
63
205
324
36
31
160
236
120
119
65
211
285
31
262
118
247
65
43
243
115
211
82
202
4
8
320
268
107
236
152
209
118
190
55
217
208
97
41
9
207
217
31
151
178
314
4
307
118
307
249
79
155
247
94
40
5
118
40
132
247
223
151
34
76
41
140
116
2
25
85
107
290
41
118
5
316
69
200
39
271
236
278
22
202
27
247
66
227
41
84
39
34
164
181
202
236
76
211
316
148
63
255
107
211
190
140
118
39
211
108
226
155
200
148
181
200
275
155
307
209
141
118
66
160
123
202
164
8
118
25
9
144
118
141
37
161
111
247
243
329
227
304
307
151
252
240
160
76
107
107
236
118
94
205
66
258
177
184
219
111
34
97
2
125
151
305
41
97
271
236
139
219
281
296
23
97
4
281
184
98
219
285
106
20
236
151
152
236
98
184
39
27
324
211
161
154
111
151
189
184
117
152
290
211
34
125
43
85
236
111
208
161
229
4
166
166
22
118
258
225
41
39
53
155
278
318
236
7
149
75
25
296
240
41
269
39
40
31
177
274
82
201
22
231
223
151
152
137
236
16
164
155
144
63
76
285
4
292
118
211
87
257
112
307
209
119
106
184
259
119
307
266
134
4
200
166
261
63
236
34
236
177
290
126
25
236
240
22
160
258
197
41
53
40
211
140
246
117
221
39
290
211
257
118
97
202
155
118
285
158
151
174
247
118
270
307
4
292
13
118
39
63
66
264
63
109
181
85
184
141
169
319
174
125
174
91
217
247
119
271
151
118
206
74
40
321
22
22
126
31
184
209
161
23
246
271
292
39
97
160
63
43
123
118
119
229
155
262
73
141
271
43
98
284
19
211
239
4
109
40
39
236
53
141
152
117
34
247
60
211
118
97
302
97
31
278
211
40
118
220
128
211
111
31
94
85
6
40
40
243
257
82
159
146
36
119
304
282
236
184
121
239
247
155
116
23
166
111
200
181
307
63
111
223
40
40
257
324
39
164
152
36
304
118
205
115
98
151
301
183
160
118
2
271
31
329
110
97
184
36
161
97
66
184
174
123
155
134
144
118
292
97
111
128
288
160
111
2
151
205
98
211
53
181
247
218
324
161
320
141
151
111
271
301
117
240
53
240
229
152
281
236
4
118
164
146
184
97
168
200
97
155
98
135
161
227
236
320
118
36
4
307
189
227
117
190
98
247
211
151
140
141
97
31
118
149
164
248
94
97
219
285
265
173
240
153
174
36
118
247
25
140
37
97
227
64
8
23
53
37
5
247
2
160
82
202
63
257
148
183
153
285
85
82
85
307
164
107
271
275
4
164
161
236
235
247
238
217
164
165
184
151
151
111
34
231
103
236
37
107
236
236
166
23
174
92
117
247
138
118
265
292
34
118
8
247
4
316
94
39
37
141
257
169
226
82
234
226
160
152
20
118
1
202
219
118
84
215
305
97
229
193
236
247
41
247
200
203
85
202
292
202
8
2
23
229
298
118
171
265
153
4
201
73
181
126
211
255
329
257
111
2
79
161
209
39
200
22
151
184
226
221
241
2
20
292
307
155
39
39
85
40
243
243
50
4
151
183
221
155
136
257
266
82
34
236
85
85
98
91
211
264
183
97
41
53
292
183
34
31
227
118
277
243
200
97
319
39
104
98
259
39
194
40
2
174
34
192
209
168
34
284
205
153
34
151
148
211
225
188
2
111
181
120
97
40
117
219
151
203
199
249
227
39
247
111
184
117
258
31
71
4
118
23
197
207
151
118
111
236
53
204
240
200
202
140
118
152
21
184
41
43
155
126
319
27
136
247
116
97
4
37
123
236
63
65
195
151
98
125
152
70
160
236
63
247
27
175
201
63
243
186
202
114
97
136
207
183
223
164
107
184
82
304
36
257
236
51
319
231
257
247
34
118
66
223
82
107
4
162
280
166
227
285
177
107
248
261
184
97
236
4
307
211
255
107
219
111
202
111
107
85
329
320
94
212
177
117
280
140
4
107
186
184
295
151
140
307
205
328
311
53
316
119
123
247
2
227
111
118
63
181
229
242
262
329
269
168
39
321
25
176
27
111
82
125
65
40
40
111
53
219
246
243
118
236
25
200
140
41
271
63
264
25
53
111
124
34
98
247
247
212
203
98
205
240
25
257
160
247
247
40
247
41
40
136
202
31
247
171
8
41
98
118
316
236
144
232
111
1
160
203
236
240
257
151
219
236
202
229
158
247
305
118
244
116
202
116
4
152
107
184
225
200
308
202
257
202
4
63
308
236
204
107
111
37
324
117
142
247
51
191
2
211
38
98
152
40
111
240
125
161
4
63
85
304
184
264
31
161
184
53
66
258
116
264
207
226
292
226
223
236
136
63
107
40
30
262
31
151
34
152
88
249
118
271
247
276
100
329
107
8
277
190
107
30
31
136
289
70
271
249
329
130
277
183
23
97
219
39
159
29
170
115
202
161
97
166
43
22
25
227
4
190
190
21
247
227
132
111
36
82
151
196
271
264
151
190
329
168
66
183
118
34
22
202
236
148
97
63
82
324
125
300
63
280
278
197
160
257
111
204
8
20
264
135
164
8
17
257
34
264
39
53
2
190
25
118
34
97
271
218
271
97
308
76
190
98
118
246
184
212
161
119
39
294
229
324
184
31
250
247
319
307
229
297
195
85
200
236
28
97
31
247
200
281
82
277
97
275
209
160
211
3
118
227
39
40
23
264
118
4
161
174
36
236
240
307
111
285
292
211
53
164
97
118
63
63
107
38
223
31
202
317
292
31
255
190
160
205
36
111
285
82
155
211
223
8
271
161
118
202
313
21
243
200
158
84
119
152
307
219
184
272
65
151
85
227
290
118
98
190
265
240
132
264
240
98
84
202
292
202
316
131
202
184
85
111
41
111
72
117
25
304
153
152
236
118
119
63
14
85
98
229
247
53
36
264
117
285
41
8
202
118
236
34
229
97
151
257
63
240
200
304
144
217
118
265
152
168
127
25
258
97
162
118
168
98
255
52
53
307
98
160
225
285
170
247
33
107
274
211
240
118
160
66
31
85
221
110
316
31
226
319
111
155
111
247
20
123
181
4
111
118
97
202
118
257
197
119
183
43
50
216
160
257
118
169
243
4
219
63
27
30
41
74
97
140
40
145
227
202
118
247
236
65
37
30
222
236
39
118
240
111
41
271
307
236
82
118
111
251
127
41
292
271
181
257
41
307
40
82
308
226
65
152
277
22
307
161
219
118
111
152
202
319
33
316
236
107
4
97
118
236
98
151
200
42
4
245
40
31
329
41
27
308
190
116
257
202
255
34
118
160
202
63
236
200
329
2
236
152
236
1
151
97
164
82
36
152
184
118
118
97
118
307
285
164
151
107
253
125
109
97
229
111
217
231
277
202
249
137
39
202
161
285
202
5
118
41
34
155
161
125
34
31
98
313
285
161
174
308
247
58
289
161
41
174
119
36
319
34
236
200
236
42
247
316
184
39
111
265
18
20
96
140
205
200
83
236
202
247
85
308
248
244
119
2
244
98
71
220
326
39
200
247
247
41
155
219
197
88
97
296
118
63
258
249
151
105
240
71
98
160
118
282
166
190
118
223
152
11
98
118
4
17
31
25
34
200
285
247
217
