34
259
530
151
18
523
195
318
95
110
306
111
275
132
260
173
303
174
182
34
217
430
23
129
183
247
234
297
25
375
202
0
51
530
299
34
229
497
199
395
529
127
202
544
278
120
218
477
56
290
182
119
373
109
69
165
2
182
106
57
64
98
191
24
203
288
129
318
216
182
194
205
308
477
121
295
197
143
455
106
265
278
133
336
22
197
12
272
126
89
528
178
22
55
302
18
372
182
181
244
298
3
189
128
57
1
44
275
183
112
374
128
225
57
334
54
193
132
1
180
126
304
127
105
34
469
291
197
91
230
152
335
182
181
2
247
131
295
320
166
195
255
127
180
413
531
117
189
180
477
11
184
177
65
128
260
445
160
114
450
153
140
165
301
1
109
55
297
46
542
206
34
6
162
219
132
282
181
529
443
92
11
133
121
133
216
70
140
354
232
0
34
272
24
233
247
17
158
171
208
205
341
224
279
57
59
95
183
322
19
170
105
202
234
323
385
34
210
172
298
397
182
313
194
140
203
159
197
219
257
209
153
272
112
122
57
183
7
56
195
205
182
180
317
263
130
119
234
57
321
111
168
49
111
131
368
216
272
316
168
218
154
106
339
302
92
449
384
109
165
34
132
297
170
231
339
93
120
154
491
358
444
182
57
207
352
34
206
65
13
69
514
313
515
216
121
113
493
19
34
445
16
477
443
94
281
108
127
94
268
120
216
282
16
169
64
177
383
285
385
520
182
194
133
247
235
196
306
495
431
219
303
116
12
126
219
119
129
166
34
202
182
452
92
167
207
192
2
197
414
88
289
169
530
545
234
305
391
412
301
180
128
8
317
544
300
147
120
477
300
140
93
477
133
236
183
285
130
281
45
304
167
275
529
291
88
138
180
57
221
283
126
112
93
176
299
237
337
126
229
180
111
130
197
164
194
305
162
206
131
0
474
9
131
276
216
45
134
525
526
276
132
122
11
527
44
277
100
273
276
171
527
44
277
44
147
178
70
103
36
172
6
45
151
171
46
186
275
218
277
103
133
217
116
70
158
105
176
276
277
297
160
218
183
171
69
45
45
147
288
276
116
154
45
89
169
15
46
275
89
526
527
171
277
44
118
275
277
45
277
360
217
168
44
184
276
529
70
218
525
137
275
46
265
275
154
147
44
288
116
202
216
527
525
11
107
46
122
46
202
277
276
178
235
135
277
57
277
291
276
276
60
38
100
60
166
275
202
277
165
44
277
276
60
154
217
45
44
276
70
60
122
118
136
14
525
46
173
271
11
178
136
527
122
173
46
45
26
116
217
122
52
218
393
525
348
223
96
188
403
399
318
267
177
216
310
208
397
8
3
192
14
529
283
93
11
310
276
371
233
354
204
131
428
169
8
491
0
160
160
354
354
129
23
168
111
33
168
15
354
231
225
141
283
232
9
354
247
5
217
1
169
55
226
322
167
224
129
4
166
232
225
93
223
160
124
224
89
268
7
160
146
111
7
344
180
175
168
127
111
111
141
5
532
3
151
394
65
156
230
111
532
135
55
167
172
188
354
310
234
2
267
9
160
354
160
2
226
267
212
419
344
146
529
542
398
168
10
224
15
156
107
465
168
464
168
170
212
429
57
233
143
131
208
169
223
404
160
127
127
111
260
120
168
530
230
160
225
118
529
2
400
132
108
0
111
24
98
156
134
226
160
169
168
23
193
98
529
23
139
127
93
180
268
406
146
402
161
111
270
187
14
129
131
159
396
171
529
318
192
111
164
111
17
131
46
322
112
146
277
1
98
124
218
399
15
355
111
525
6
14
55
480
529
405
146
344
168
111
180
160
129
233
204
106
231
354
266
11
192
4
34
204
109
169
204
127
188
192
354
131
535
127
129
54
398
180
146
120
247
124
212
161
169
55
57
6
219
111
120
159
172
354
268
12
1
465
169
188
97
111
55
532
98
247
230
92
160
17
395
169
193
10
11
160
0
159
56
55
202
195
192
116
510
322
529
544
209
218
275
205
291
2
3
542
175
94
182
65
44
224
209
204
183
169
158
167
322
175
5
170
322
100
126
396
518
171
207
130
511
5
177
117
101
177
182
308
112
168
176
100
12
183
196
65
287
524
168
276
207
161
18
10
126
155
173
46
194
131
432
471
65
352
92
8
209
111
268
283
7
2
182
6
509
219
502
108
10
295
406
180
101
11
4
100
56
109
157
101
131
369
188
11
341
100
9
127
11
285
173
101
265
10
168
131
219
221
109
172
14
138
11
180
147
509
4
12
4
195
196
92
510
8
93
14
94
182
101
146
177
532
198
6
231
204
194
166
177
60
147
267
194
7
190
225
287
109
217
93
170
511
57
3
482
204
128
109
196
13
109
218
167
172
195
193
370
103
107
287
104
169
231
226
16
55
173
131
102
168
48
201
339
193
192
334
132
287
56
15
527
23
26
169
12
1
322
208
542
15
192
192
101
92
334
288
175
173
196
65
0
219
202
159
206
430
105
279
138
187
200
353
7
223
184
263
10
11
107
272
9
358
167
372
169
126
275
64
5
131
56
182
92
107
172
5
4
60
152
11
24
105
475
275
193
109
288
344
57
2
208
100
206
129
229
400
198
247
13
146
123
56
176
138
435
23
11
198
17
102
158
122
55
96
543
129
1
128
12
109
418
182
64
102
172
156
162
19
525
56
55
203
182
260
166
208
527
457
47
7
352
347
173
74
6
138
265
45
165
182
108
102
510
206
510
275
24
96
154
24
64
11
291
13
180
198
133
173
169
352
9
201
12
217
97
111
5
186
170
94
119
216
0
193
1
135
0
322
56
180
151
12
165
168
127
524
197
232
218
144
192
173
193
525
181
328
200
98
116
105
7
173
275
25
146
103
5
173
128
186
246
127
168
97
2
116
142
181
153
171
271
107
265
264
142
10
56
146
57
275
529
44
252
158
57
134
137
24
223
232
283
12
509
22
530
465
401
170
229
288
109
15
138
165
45
194
208
96
196
102
431
275
182
25
2
246
187
1
452
182
291
224
1
210
8
12
96
2
529
313
373
16
322
16
111
112
173
142
532
130
308
512
529
266
172
12
17
182
195
64
526
6
509
195
72
172
102
168
171
119
235
93
167
3
4
187
165
195
55
403
60
490
109
419
3
218
204
371
8
129
96
170
203
12
205
131
511
1
54
117
11
54
46
373
94
173
120
318
107
55
89
93
146
0
172
180
107
280
97
205
481
489
326
158
196
260
44
217
526
9
26
176
118
334
511
11
124
253
267
282
12
0
116
372
206
97
355
182
8
526
119
351
17
187
246
180
100
127
9
176
130
126
194
105
0
168
283
119
106
92
166
127
197
182
14
196
140
216
530
168
326
310
131
285
205
116
97
354
527
120
195
201
118
15
158
288
172
11
111
216
195
153
198
2
26
134
95
146
105
158
98
100
389
230
172
130
197
56
361
94
530
495
177
10
229
0
475
230
219
155
530
146
277
109
477
112
1
182
56
166
242
111
45
531
379
118
230
541
119
12
197
22
273
401
487
529
136
117
129
87
11
419
219
133
201
155
100
19
421
42
92
212
526
1
89
331
12
182
217
307
180
129
0
131
450
105
212
132
57
112
223
170
111
180
212
293
248
2
54
226
225
297
128
196
219
119
126
107
5
4
400
530
334
531
364
195
87
274
182
4
168
195
339
224
109
401
233
216
182
34
177
12
132
155
124
257
11
322
165
354
230
200
494
200
480
121
291
88
177
133
181
3
183
198
214
2
155
272
196
147
445
545
159
140
146
409
23
175
56
197
54
117
232
530
276
138
34
512
200
107
24
57
69
167
4
365
129
402
181
9
545
526
116
70
431
360
92
56
218
268
94
169
235
510
46
218
195
223
13
223
143
197
287
130
7
334
112
166
526
219
192
101
200
217
22
340
350
161
57
218
26
173
291
127
276
539
0
275
417
216
16
57
56
512
134
127
196
13
133
329
543
247
129
3
208
8
217
130
167
89
132
229
93
9
525
22
34
147
210
14
529
293
5
23
379
194
10
26
215
182
217
169
217
22
130
126
23
94
137
319
16
132
176
146
187
11
24
208
542
138
209
6
295
106
34
542
92
257
151
219
168
154
142
379
512
13
144
208
56
526
98
16
223
502
119
529
56
182
363
55
161
275
530
526
480
207
99
156
166
545
164
155
94
487
15
13
172
208
54
130
379
44
70
165
173
131
136
525
9
173
95
218
147
57
133
10
116
182
467
529
207
119
217
116
126
34
195
119
532
182
94
182
445
154
7
0
135
131
229
472
250
192
141
187
130
140
203
291
529
128
183
542
195
169
509
56
480
194
130
195
216
160
542
275
319
510
382
111
130
89
44
339
155
254
348
385
413
181
149
54
205
318
297
22
339
209
133
186
169
3
233
530
259
155
450
206
129
182
55
134
133
146
207
93
9
56
126
235
138
111
413
118
232
108
200
26
168
70
320
121
146
0
146
475
259
265
57
103
252
6
277
455
297
313
122
92
205
160
30
15
161
395
19
217
530
92
151
225
509
324
337
4
329
230
134
103
510
4
180
230
130
195
353
263
171
160
209
8
171
287
88
202
54
168
235
60
420
200
217
343
201
11
158
133
177
176
176
57
142
217
0
297
180
85
129
181
109
414
119
198
56
396
157
5
93
511
169
189
351
138
277
339
131
125
9
92
441
511
170
247
218
3
0
406
328
138
306
13
107
172
235
509
126
310
162
131
14
281
138
347
109
16
2
526
322
350
169
382
111
183
115
13
187
295
205
402
200
104
460
364
186
7
368
510
146
108
319
347
130
256
365
267
180
24
381
117
226
182
129
145
104
354
278
186
28
210
107
205
365
161
109
17
182
216
324
183
128
389
529
202
530
436
532
399
402
3
106
165
200
207
186
129
351
287
8
522
530
22
282
229
158
60
166
209
138
267
349
209
54
275
504
203
153
272
221
215
352
182
98
127
483
25
297
56
318
130
544
147
135
105
183
373
168
111
172
291
515
97
529
17
17
530
197
56
196
251
478
126
532
129
15
334
196
126
173
179
481
55
23
281
251
44
96
208
275
102
70
126
104
218
67
130
116
260
217
15
127
182
11
218
200
510
0
530
213
111
492
170
543
166
122
2
126
106
182
197
57
10
398
216
131
196
166
24
97
519
194
136
279
529
430
235
130
107
182
146
230
55
216
334
275
133
230
143
165
107
128
510
402
174
509
4
248
116
131
223
156
165
232
532
311
530
401
106
216
93
140
44
363
9
2
102
201
356
171
235
289
197
157
92
368
206
389
185
529
352
14
507
285
226
9
7
208
55
159
309
98
332
195
529
111
169
55
283
116
525
171
125
513
344
318
349
182
264
280
205
267
169
106
206
249
292
1
384
109
194
186
206
288
291
107
183
153
532
530
347
182
182
511
94
275
196
119
216
275
509
196
508
12
232
1
171
212
465
198
260
180
96
195
166
341
291
126
288
187
129
21
55
470
146
129
510
509
423
134
219
45
112
223
159
532
153
393
12
1
4
179
544
296
138
119
23
260
101
17
135
280
107
216
103
201
399
544
288
109
104
203
3
204
219
43
489
480
209
111
216
343
203
1
333
426
126
297
1
143
10
301
132
195
105
288
109
452
217
109
322
157
229
93
56
172
325
94
247
206
220
131
23
141
225
0
350
15
170
9
103
55
224
350
131
119
245
507
146
1
1
198
173
219
363
202
281
12
198
156
249
346
140
109
235
169
169
336
287
130
366
173
126
144
288
112
64
183
89
162
425
165
370
122
184
179
426
544
234
232
217
232
106
147
93
57
13
240
347
111
252
235
212
5
0
217
4
195
265
265
196
118
520
129
142
530
216
309
158
216
163
373
112
383
282
112
10
511
297
54
231
143
87
479
265
0
109
195
169
265
109
102
126
46
6
132
215
11
275
54
267
494
247
55
427
93
285
135
109
109
183
140
167
397
5
362
69
428
204
352
94
54
54
7
60
182
7
7
123
462
390
168
157
197
183
233
107
56
23
126
143
138
358
104
209
477
120
511
55
529
180
7
292
112
392
116
531
542
107
25
124
138
226
193
338
197
129
307
3
106
112
87
235
132
49
280
22
173
274
328
195
544
96
499
509
194
172
135
135
104
334
115
126
437
275
286
182
220
345
417
22
303
136
161
34
277
282
380
196
298
182
530
180
70
352
196
544
179
109
6
419
334
56
105
218
175
415
217
4
328
171
265
277
328
308
278
419
9
9
11
188
45
171
177
295
191
182
404
268
22
57
130
100
339
197
532
170
319
34
111
119
0
14
87
495
206
182
223
155
51
63
543
255
5
367
200
23
6
176
246
119
24
92
229
394
160
119
6
132
182
55
96
195
131
80
34
319
114
297
96
119
160
279
180
22
275
508
374
128
196
54
176
92
219
111
26
334
381
106
375
232
192
197
219
218
400
306
57
159
130
234
169
157
182
230
55
337
360
173
542
196
178
218
316
219
445
45
177
173
111
1
462
134
167
350
338
298
252
182
60
3
231
137
353
523
133
172
543
6
3
92
206
510
193
137
45
229
101
509
166
131
205
509
135
126
543
509
275
3
487
1
232
173
69
205
235
322
319
201
231
390
194
153
480
360
88
350
55
87
525
68
23
165
275
219
331
197
117
56
510
187
277
438
167
212
380
1
194
1
311
126
182
6
183
129
219
399
511
182
106
109
359
182
15
259
131
172
111
92
23
187
230
6
65
140
94
12
527
158
525
106
6
146
175
112
126
70
112
276
9
135
414
208
196
140
106
281
529
129
106
374
146
159
280
229
384
170
376
203
166
151
225
210
18
126
411
79
422
210
430
361
7
477
116
16
525
126
57
277
25
325
480
98
14
140
14
510
126
109
224
151
529
313
13
182
60
197
126
523
159
195
155
217
131
55
202
107
406
541
204
134
326
87
126
381
231
376
187
293
512
504
61
251
273
418
293
231
11
207
162
172
406
55
212
71
111
182
141
205
262
201
206
196
120
231
526
165
532
1
326
180
179
23
16
419
119
118
140
130
291
105
76
133
209
101
421
11
461
182
545
88
11
537
135
260
2
25
299
276
115
510
106
208
197
283
131
182
147
109
261
360
128
44
216
122
8
197
41
9
92
170
328
280
192
285
56
159
218
170
130
157
536
117
402
126
400
172
135
26
55
192
106
276
195
130
186
196
133
233
529
109
5
132
208
180
223
288
345
510
146
218
109
93
140
202
227
11
9
499
116
101
432
230
224
132
309
101
217
173
406
275
112
230
172
480
526
93
286
532
265
55
55
511
197
349
92
98
146
396
25
420
218
126
316
180
431
0
6
265
45
166
146
182
106
102
132
14
329
141
119
222
93
135
203
180
165
134
107
132
277
93
272
169
531
127
131
3
228
189
73
192
226
202
360
218
267
119
100
22
256
92
512
542
2
17
270
233
235
257
429
446
86
229
192
92
45
120
64
302
6
187
105
112
201
354
204
58
545
338
176
8
135
219
181
196
138
235
92
286
170
382
182
107
92
134
57
268
93
109
209
203
246
24
182
235
234
348
275
173
157
234
196
130
182
526
216
116
149
248
159
126
452
217
129
181
399
545
250
131
544
361
121
495
317
0
180
258
541
24
485
343
217
40
197
305
219
530
235
369
168
438
171
92
134
81
527
197
300
187
178
216
109
201
97
544
198
109
147
135
162
195
445
225
263
402
259
133
529
543
169
17
509
150
529
544
126
496
275
275
57
175
4
209
126
181
105
300
130
526
230
529
373
4
290
56
111
116
204
468
14
100
450
272
55
108
275
275
183
234
532
230
346
182
2
277
359
206
200
352
202
400
10
45
371
208
127
530
235
147
524
22
105
341
132
126
10
144
23
216
187
94
297
275
182
118
166
195
170
168
187
196
529
531
127
19
105
335
205
35
202
182
2
165
146
166
443
291
340
315
293
301
527
231
10
197
127
146
216
130
182
24
175
322
133
480
111
172
173
171
1
2
180
138
351
130
60
268
200
2
1
136
402
183
177
517
159
350
228
235
112
393
12
404
197
23
165
106
180
216
107
219
246
208
283
155
232
182
104
182
223
55
164
24
169
280
205
172
129
541
55
272
134
511
219
0
272
129
129
7
266
135
182
153
94
275
109
202
339
134
205
35
13
88
164
181
182
293
210
258
542
126
213
5
8
197
208
194
171
296
141
320
158
106
169
126
544
107
219
187
65
13
336
161
209
283
212
216
204
322
516
461
334
184
92
84
291
26
216
539
207
419
19
189
203
119
158
285
169
57
2
165
354
9
109
275
26
120
166
26
196
286
322
430
217
8
5
130
10
105
156
131
531
282
165
117
135
154
287
367
126
151
126
165
224
294
179
194
21
473
15
208
8
5
26
198
480
291
205
56
515
247
151
132
12
338
26
172
82
175
157
101
188
158
246
212
126
112
320
56
182
106
171
232
466
195
541
130
224
375
196
156
57
370
202
127
69
120
180
503
228
175
14
127
88
159
127
153
25
382
93
15
129
34
134
200
119
155
509
6
60
29
509
129
527
173
44
6
512
216
430
15
178
525
57
94
504
182
229
350
268
13
119
518
235
339
176
378
180
2
128
5
161
233
219
160
542
229
45
26
229
140
294
6
449
129
132
109
197
24
504
543
167
290
195
542
56
235
134
526
2
89
220
88
339
127
545
188
203
54
105
54
208
12
167
4
133
235
212
129
525
361
94
134
181
135
126
207
99
133
156
134
104
381
81
221
111
130
3
525
235
34
419
511
13
125
337
247
69
160
55
11
143
171
168
12
176
153
526
529
127
138
126
165
168
154
3
132
55
377
197
319
434
54
286
165
25
276
12
153
173
61
6
265
102
529
111
256
124
183
14
202
221
46
509
126
509
204
297
165
511
216
267
206
255
326
0
4
124
54
526
126
541
173
132
138
120
202
44
16
314
538
8
219
481
263
527
221
206
170
44
445
23
329
10
182
192
126
1
232
105
158
206
44
308
277
35
56
219
135
55
7
119
45
372
525
374
180
9
55
275
87
142
158
308
95
174
106
451
8
544
56
281
229
23
50
271
83
56
158
511
131
414
92
532
187
234
100
109
262
34
334
181
217
132
525
416
417
197
276
155
172
272
12
165
182
218
526
515
128
165
16
532
544
118
193
232
161
98
0
219
2
215
494
102
8
543
255
0
89
55
293
281
4
57
510
49
387
229
129
509
328
511
341
517
233
126
275
107
527
35
112
477
126
89
291
325
269
182
111
485
168
129
171
190
221
116
470
127
149
175
382
487
383
349
126
165
93
210
527
140
167
205
8
171
440
336
153
233
366
224
13
45
197
161
9
217
134
429
544
23
2
133
133
1
204
46
322
153
11
350
12
162
131
207
287
13
5
183
232
218
527
20
216
15
154
1
198
531
207
159
166
149
151
84
124
130
130
126
146
125
526
96
100
217
336
545
177
111
347
26
525
283
276
275
170
200
196
24
186
126
7
419
222
112
54
159
121
182
297
146
317
219
105
203
112
34
480
184
16
35
385
169
225
352
297
260
114
11
130
280
216
182
6
111
4
87
22
134
186
15
131
265
195
257
137
116
178
255
532
542
126
275
70
529
195
223
130
111
160
3
545
129
45
166
180
241
530
253
274
4
506
101
154
521
22
209
282
343
234
209
2
169
24
336
510
403
480
172
167
206
32
218
25
291
479
126
272
161
192
259
93
164
269
329
6
166
146
106
544
147
17
101
206
26
235
55
119
26
543
114
235
140
265
225
205
171
195
95
3
54
87
17
444
60
146
218
56
172
64
190
182
165
172
210
135
143
230
98
235
56
403
276
173
264
106
13
138
500
111
336
251
351
46
156
112
288
95
119
229
183
327
46
511
265
143
198
166
182
57
190
200
176
352
177
65
526
16
501
319
217
184
192
146
126
397
46
489
170
176
193
307
3
56
187
155
104
216
271
270
2
156
111
486
235
55
351
530
543
140
275
126
153
35
288
183
168
322
527
166
352
141
130
45
276
92
181
107
175
229
408
99
222
148
56
195
285
44
276
14
144
103
532
78
352
169
340
55
166
182
324
219
213
231
193
130
233
341
487
116
127
173
406
44
14
2
187
176
235
193
156
206
183
203
426
272
138
375
197
195
94
168
134
3
180
302
292
246
194
527
11
198
55
56
187
169
512
476
187
170
172
532
4
208
269
526
126
509
158
445
229
183
224
175
111
107
196
511
23
130
3
56
490
140
354
107
257
196
402
545
350
182
512
527
511
107
187
105
177
218
108
1
281
362
2
25
131
272
0
134
334
5
4
182
167
183
112
221
530
53
140
525
168
200
186
173
57
279
183
101
96
260
214
107
218
153
413
10
232
13
291
201
106
147
155
314
297
357
273
192
158
5
94
531
287
217
57
92
98
215
65
168
486
151
267
180
8
182
123
274
418
116
218
353
101
487
377
12
487
261
182
275
92
265
187
275
525
534
7
228
3
488
287
510
221
24
276
89
183
1
129
273
22
159
277
186
180
57
347
209
12
182
217
170
165
232
135
77
15
155
198
275
4
107
130
511
510
384
107
310
229
312
1
196
23
533
111
371
263
510
396
202
487
217
122
192
77
166
272
329
7
207
107
525
49
176
3
119
164
132
109
170
132
176
131
6
34
100
55
93
172
431
250
527
102
194
97
512
305
216
294
97
140
102
235
328
445
504
191
198
158
204
14
135
212
5
510
497
267
71
154
136
239
319
24
258
180
479
233
182
203
107
197
201
275
381
160
55
111
171
140
126
217
55
183
458
494
529
44
167
277
111
502
388
529
401
54
87
11
353
3
218
3
107
46
107
167
418
465
157
350
200
180
87
117
180
187
326
529
166
279
95
470
130
219
105
200
177
176
505
169
64
509
107
112
5
216
55
12
131
106
146
462
15
218
23
131
93
182
134
172
231
227
184
93
507
88
183
193
201
138
153
12
94
34
0
531
531
22
17
102
526
158
203
309
104
231
286
336
203
112
101
526
277
87
111
126
4
133
218
288
325
133
94
336
304
106
87
10
202
22
127
529
116
195
111
140
182
322
509
243
127
401
197
216
187
2
109
119
161
193
195
94
287
273
138
92
509
138
75
56
89
246
231
125
5
530
180
7
1
231
326
225
352
129
131
171
118
162
5
193
123
180
107
7
102
197
166
530
172
25
160
205
7
276
126
175
102
188
134
510
345
232
224
126
182
108
176
188
221
169
26
407
267
178
265
12
0
180
12
146
229
183
10
44
3
195
210
204
131
457
530
14
15
360
7
127
134
259
265
180
112
57
107
168
105
315
453
11
56
26
31
111
511
419
216
285
259
184
544
173
525
56
132
235
205
92
181
182
106
522
9
3
55
532
511
132
127
126
277
291
308
102
138
25
131
126
131
154
195
303
13
132
16
530
405
477
176
198
26
276
198
13
126
5
337
325
8
527
1
93
448
510
277
111
106
277
54
113
180
275
226
26
54
405
53
182
182
442
109
162
456
223
182
260
55
95
165
182
235
498
56
69
334
196
44
157
231
25
172
11
211
529
125
9
195
341
224
3
288
383
45
191
216
428
219
176
5
182
181
334
135
55
228
97
126
260
542
130
90
203
196
157
64
158
168
181
272
60
177
170
56
509
138
107
308
203
222
180
454
137
158
329
207
158
226
289
14
100
24
204
0
144
141
541
46
523
6
103
329
96
197
173
134
316
279
56
270
2
511
97
126
133
126
197
504
60
180
88
138
182
187
525
15
169
87
109
278
3
249
349
180
332
233
108
26
103
131
176
324
161
275
542
195
378
195
8
399
182
223
218
201
340
424
169
13
154
229
530
346
217
157
410
11
171
524
231
203
6
208
509
486
128
136
111
221
88
196
118
137
328
111
79
385
229
126
10
234
20
153
193
208
111
105
104
246
446
178
119
10
165
134
201
280
133
180
172
181
266
167
529
230
136
486
527
65
271
127
131
542
80
475
56
275
70
104
134
0
126
17
127
88
123
126
34
292
176
7
126
225
511
347
400
6
93
235
504
396
111
310
70
543
55
380
273
129
0
96
226
116
149
182
104
98
130
235
1
170
111
22
510
286
117
336
4
131
155
46
210
151
186
227
0
508
93
334
112
218
166
209
264
183
102
124
111
45
46
526
165
4
528
216
94
195
65
131
275
138
529
193
185
232
269
18
532
119
217
102
153
107
219
137
167
153
403
55
34
182
365
71
352
57
169
272
488
356
129
504
122
165
5
525
353
126
529
13
356
182
289
140
98
60
162
216
208
0
286
111
106
198
116
348
248
526
106
280
108
406
530
204
12
525
44
202
345
57
159
216
166
412
164
140
229
57
57
57
147
4
45
267
128
527
146
168
531
109
57
107
109
316
389
24
543
0
229
509
171
3
512
204
180
180
334
234
132
203
304
195
219
235
450
159
182
131
158
542
22
282
176
97
69
133
494
82
390
165
126
224
180
544
127
544
128
8
55
107
168
128
1
137
2
201
17
342
529
109
111
109
141
322
136
315
173
140
182
485
16
27
182
171
268
207
65
216
26
126
8
170
297
285
55
112
127
291
159
12
146
106
44
352
209
119
217
359
11
9
372
87
235
178
101
22
56
147
109
183
8
525
12
216
325
118
57
511
100
219
207
142
510
281
146
417
147
354
180
128
463
195
117
509
129
2
6
83
34
527
55
531
133
295
319
212
23
56
126
187
146
529
277
158
9
369
131
128
291
151
122
186
108
12
194
182
138
105
231
177
8
127
314
87
172
217
119
128
146
512
205
17
4
510
13
111
94
169
17
89
55
130
204
116
118
111
158
105
283
329
131
12
11
14
230
94
54
277
182
254
217
13
3
231
129
545
229
275
10
291
155
87
247
415
111
182
112
319
23
179
17
480
22
112
138
266
275
193
126
201
540
334
46
111
402
227
54
2
445
180
218
292
527
18
131
131
56
11
57
182
126
141
131
530
318
183
292
89
129
529
89
166
11
13
419
44
509
132
172
257
111
171
109
457
5
187
291
272
141
217
131
105
225
183
380
259
347
127
279
238
498
447
320
129
122
128
171
135
230
158
126
138
146
229
328
530
14
26
359
203
94
100
154
193
160
526
224
173
34
187
123
162
206
179
156
111
530
133
260
109
313
188
97
170
45
132
16
132
57
2
210
13
317
275
7
55
209
530
146
229
172
297
205
509
297
60
532
10
287
281
15
189
62
146
212
277
131
89
4
320
109
386
132
132
23
504
200
214
275
235
8
542
459
433
290
529
89
171
316
55
173
123
527
103
363
104
25
468
0
142
95
137
10
246
330
0
292
193
277
14
0
279
398
1
112
166
131
4
154
198
126
276
6
180
126
66
368
94
8
196
200
219
195
295
373
26
340
131
233
1
168
527
131
271
87
170
308
171
225
133
60
54
57
146
160
367
336
154
146
2
275
23
128
197
0
168
512
333
418
127
71
146
15
4
160
541
340
192
217
18
136
154
10
109
162
161
94
85
26
511
169
201
131
269
2
288
78
182
182
510
96
145
529
229
65
153
171
401
128
366
347
134
360
126
176
103
206
417
372
135
217
175
177
97
23
482
510
104
11
350
159
133
111
525
318
511
46
37
5
394
10
235
182
151
354
202
529
93
89
202
166
1
291
14
372
4
193
160
93
169
208
170
155
203
23
221
217
291
133
137
93
3
393
431
153
104
190
170
253
39
263
275
156
22
182
94
291
129
131
397
167
57
544
249
545
356
120
511
165
484
206
299
208
175
489
160
135
518
