40
34
88
40
153
34
34
34
117
133
40
227
34
177
236
12
161
203
168
39
210
111
211
100
40
278
177
34
161
155
203
34
295
240
161
164
155
40
34
34
39
203
177
236
169
209
97
161
177
31
161
161
153
155
31
203
327
209
161
111
161
39
161
34
231
278
34
40
329
82
203
34
203
73
31
146
177
117
40
34
39
209
34
299
278
211
115
40
161
177
231
212
39
161
236
295
34
118
34
243
50
236
236
211
203
203
236
132
161
203
73
153
51
203
209
85
73
40
117
203
203
183
40
40
202
39
306
161
40
302
144
153
161
161
34
295
85
40
115
40
115
199
295
39
211
34
8
34
161
39
39
111
155
203
151
302
34
229
330
34
40
257
31
40
144
34
39
151
168
161
34
202
111
34
161
169
34
161
302
257
150
40
174
148
202
40
39
169
34
73
202
34
203
177
8
236
199
155
51
161
169
255
40
209
295
211
65
39
332
302
155
161
211
230
271
168
278
40
209
34
169
111
39
39
34
39
118
177
144
40
34
73
209
161
240
210
51
39
278
203
202
144
73
202
244
240
34
214
168
161
209
203
271
40
169
39
39
161
89
169
271
278
82
236
39
153
148
97
295
302
40
151
34
332
203
161
34
151
161
153
236
40
40
31
111
40
132
40
34
177
155
40
211
203
111
155
111
209
177
183
168
210
40
34
161
39
40
111
34
177
134
118
65
161
211
144
203
161
31
161
40
177
89
34
34
161
177
161
34
40
247
161
161
174
50
211
153
73
332
329
155
174
111
40
89
174
40
151
285
211
118
236
183
73
168
97
164
34
40
327
211
82
209
34
144
169
285
203
73
34
41
155
209
295
209
34
40
236
39
40
211
17
295
151
118
34
31
210
100
155
209
161
34
211
295
73
161
174
111
40
169
183
39
34
203
122
209
40
168
89
122
40
161
236
153
94
40
211
257
247
41
118
39
94
239
224
289
264
271
224
257
39
257
166
31
289
166
184
200
63
94
224
118
321
40
85
236
166
98
271
236
190
39
239
63
40
247
118
118
326
94
271
41
118
39
271
326
94
202
202
40
34
34
211
118
118
174
236
41
85
200
118
153
211
31
184
164
118
118
247
85
41
271
155
31
247
236
31
184
236
39
85
264
174
31
118
184
236
174
31
94
40
211
31
31
236
247
316
31
118
202
31
94
271
211
94
236
202
166
31
200
40
271
164
247
40
118
166
118
211
202
289
247
236
41
247
271
41
118
236
211
168
115
151
316
39
247
264
202
115
94
247
316
118
40
247
247
41
257
166
271
247
247
34
200
161
118
171
98
0
53
118
160
151
66
167
184
160
247
200
184
101
34
200
297
0
34
101
202
34
257
153
160
63
49
151
66
184
34
160
207
297
151
40
200
115
161
155
200
161
308
42
247
200
66
297
34
302
179
200
302
34
34
34
251
115
237
236
151
85
41
236
34
161
101
247
31
140
200
63
63
184
251
207
251
34
200
101
63
34
63
254
101
236
151
161
151
161
31
151
161
243
200
34
236
240
101
200
161
35
34
200
63
183
42
151
111
21
171
321
34
101
0
140
200
161
236
31
63
253
63
63
34
98
321
49
41
31
99
151
35
31
212
200
171
53
31
184
151
161
41
247
98
200
161
161
247
171
236
184
117
161
151
155
184
63
101
160
243
302
200
34
108
151
160
161
200
200
101
34
171
151
200
34
101
200
85
161
117
167
161
200
118
200
161
123
151
184
118
229
202
229
118
321
65
101
34
200
34
34
161
200
200
151
34
200
200
34
161
160
63
161
35
200
161
200
151
34
20
161
184
200
229
151
308
200
161
161
35
34
35
161
161
200
97
161
34
161
200
151
297
257
309
34
200
184
247
321
161
200
31
63
31
200
200
101
151
302
171
34
200
184
290
305
34
200
41
236
34
161
34
184
161
101
251
200
297
160
202
34
34
200
35
151
65
240
118
227
40
40
209
118
161
118
151
211
34
161
211
35
236
63
98
39
226
183
161
41
226
256
34
118
183
211
211
34
107
161
141
161
39
118
303
34
118
190
211
94
226
36
136
34
184
286
111
190
236
31
15
184
209
236
39
247
53
236
161
151
39
8
332
118
236
31
151
184
53
140
110
161
39
118
211
184
236
118
126
289
247
257
271
202
118
160
184
183
151
184
53
31
98
34
310
177
36
118
34
151
184
118
257
53
211
184
34
39
2
98
118
310
118
98
211
41
151
200
151
271
236
202
57
226
184
118
247
303
247
203
184
18
236
115
115
256
257
211
236
24
184
8
190
211
15
200
63
118
211
247
247
236
34
247
43
107
63
126
184
184
211
8
247
302
257
211
31
161
34
53
136
151
247
31
34
161
34
34
120
98
34
184
151
98
211
184
140
184
212
53
118
53
126
236
41
126
118
68
34
257
97
160
118
98
53
190
184
211
111
113
220
123
136
53
211
97
247
40
34
97
303
257
98
34
184
184
136
184
264
162
97
236
113
137
110
161
118
161
160
137
115
53
94
151
236
151
118
8
97
184
97
36
151
184
39
113
183
98
316
151
63
247
159
53
271
151
257
34
236
39
151
184
118
240
184
85
39
161
118
40
34
184
227
126
257
236
161
123
247
118
151
140
90
53
271
34
151
118
289
274
227
283
190
190
190
118
97
126
136
34
63
166
126
227
118
98
141
236
126
184
40
34
247
292
85
211
34
140
97
203
303
118
209
190
200
97
303
97
151
200
190
53
184
183
236
107
39
85
126
74
118
289
40
161
257
181
200
15
159
161
239
250
184
200
155
200
240
227
34
247
118
98
211
247
211
97
53
94
136
161
98
31
34
120
211
63
118
184
140
111
118
311
34
240
247
118
184
2
236
247
151
236
247
236
116
256
34
271
40
39
31
2
271
31
271
202
120
247
118
184
239
34
118
184
118
39
34
151
211
113
118
123
40
98
236
41
257
97
194
236
126
18
247
53
39
98
94
161
34
271
190
247
126
118
120
98
34
18
202
236
98
211
155
241
94
118
236
212
97
184
220
190
119
40
151
97
15
118
190
211
183
97
118
34
200
184
118
8
236
107
211
68
240
190
211
115
97
82
236
190
111
184
220
34
39
190
97
161
34
98
227
126
236
183
184
118
211
41
111
227
53
126
201
39
227
118
303
161
34
247
200
40
39
31
39
34
271
160
31
34
34
31
236
41
118
200
183
34
73
211
98
236
113
247
118
107
34
36
211
118
236
247
184
41
247
226
184
39
241
63
51
151
202
184
97
34
209
120
111
151
90
247
260
41
184
257
27
107
2
151
41
247
181
181
39
126
211
211
107
184
292
40
247
19
118
202
31
97
113
15
126
151
161
202
257
97
31
97
257
155
34
202
135
34
151
247
161
248
126
