119
383
128
247
173
523
113
199
180
128
121
182
110
11
166
180
431
57
195
22
397
531
299
126
207
65
354
69
358
169
206
1
119
6
278
57
530
7
132
384
234
231
318
180
194
88
272
395
197
542
391
260
171
168
209
221
153
19
181
109
450
182
430
529
106
55
323
282
112
131
170
174
289
197
128
34
93
182
497
229
109
16
24
34
234
298
34
1
191
162
216
59
219
282
131
111
18
140
2
216
205
165
120
301
230
114
515
57
272
290
202
153
45
166
206
49
162
443
34
120
210
197
281
8
184
196
109
317
303
93
375
105
279
491
70
154
182
225
449
306
89
93
130
208
303
183
218
0
281
445
140
216
132
218
94
92
414
275
183
133
334
272
98
308
374
3
56
164
116
263
19
159
247
154
544
317
257
194
177
119
23
57
130
34
160
477
112
112
413
247
183
313
219
12
452
121
92
529
46
474
444
126
304
18
197
105
34
25
275
12
133
54
305
216
167
133
56
297
17
528
259
234
233
278
202
197
195
57
495
305
321
203
445
189
120
255
44
126
64
169
182
443
181
189
57
121
352
95
545
455
122
232
544
183
111
341
335
143
130
469
13
181
180
295
131
176
197
64
34
11
337
106
236
182
165
368
530
126
234
172
22
283
301
202
194
2
126
302
477
92
192
95
306
265
318
193
530
132
178
180
132
412
299
244
336
477
0
529
117
180
127
128
285
51
304
373
217
297
140
24
120
94
129
91
291
229
260
140
9
224
216
385
133
129
206
300
322
127
34
111
170
0
57
268
275
1
106
177
158
302
88
316
131
151
180
65
477
147
300
34
313
194
205
295
372
182
339
167
182
16
235
182
203
127
133
237
298
69
55
168
291
182
129
138
182
288
127
385
111
183
202
165
514
297
339
57
477
2
207
219
493
219
195
152
205
285
272
320
477
34
34
108
520
247
218
46
70
176
218
171
70
160
45
178
166
276
288
216
11
277
217
527
202
171
277
45
173
526
277
60
171
275
132
107
45
70
158
105
184
116
116
271
46
165
275
46
273
103
172
277
147
44
277
135
276
122
276
44
46
45
276
277
6
89
151
265
46
297
100
277
275
122
217
235
525
57
276
154
173
168
276
275
46
202
118
147
186
60
525
277
154
275
217
45
276
136
527
276
44
527
11
44
276
526
183
136
46
218
38
137
275
36
122
178
52
45
103
277
100
360
276
525
45
277
122
527
134
60
133
60
44
44
45
26
276
529
147
525
70
44
216
202
14
116
217
277
11
218
89
15
116
169
122
69
277
44
178
527
154
291
171
288
118
223
166
230
23
168
46
54
111
193
371
14
161
160
14
96
419
344
109
400
169
156
168
354
111
394
57
532
55
111
270
7
277
10
159
15
11
97
127
169
4
208
233
23
344
129
172
17
354
354
318
1
160
529
344
217
260
525
216
93
226
168
106
204
89
160
232
111
354
231
92
532
399
491
146
129
23
6
4
169
55
129
127
159
267
405
9
310
10
55
404
464
6
120
0
267
193
8
224
111
17
188
141
167
395
187
156
131
156
11
131
111
160
231
354
111
529
132
268
403
160
127
529
169
208
167
8
55
2
5
230
159
134
276
141
168
33
168
529
24
348
223
169
188
111
146
1
188
355
160
160
120
322
268
399
146
232
168
160
93
2
127
175
0
402
98
354
218
146
124
12
55
428
212
0
111
397
112
131
5
2
120
406
131
354
225
161
111
247
124
111
188
283
34
15
529
192
234
15
164
529
57
160
393
224
532
233
465
204
169
322
480
398
98
168
127
124
429
1
233
180
268
310
129
9
247
354
98
170
151
177
7
160
192
111
11
146
225
169
192
525
225
111
168
146
172
230
160
131
266
542
118
283
180
465
65
226
247
135
3
192
93
204
398
169
219
180
212
310
530
139
127
354
226
111
535
318
223
98
107
171
396
129
212
180
143
14
267
160
224
168
3
354
108
204
158
14
193
126
9
55
158
543
94
105
57
5
60
134
193
339
94
72
205
155
209
253
218
14
431
206
92
344
205
11
100
131
7
172
291
204
167
5
131
196
0
252
0
12
57
177
182
169
65
532
93
122
194
180
138
5
4
509
265
509
12
186
158
26
44
172
94
102
8
107
168
12
511
166
6
116
2
351
2
3
182
18
167
156
481
452
44
4
101
532
128
170
109
195
206
308
182
2
170
165
13
60
371
529
511
171
130
15
266
173
182
403
418
430
172
44
173
11
65
308
154
322
162
326
465
96
197
152
280
167
176
322
12
285
111
267
216
530
173
287
200
288
16
146
246
116
208
57
334
471
268
17
7
216
354
182
173
195
1
54
120
175
24
165
235
168
124
11
56
96
187
130
119
166
14
109
138
208
526
111
112
65
0
194
158
93
287
182
7
56
510
232
180
7
8
12
201
218
89
64
285
195
310
11
229
223
529
173
208
147
168
12
92
275
25
123
131
22
198
406
224
530
131
196
207
512
105
23
171
107
265
100
196
169
173
11
2
3
116
46
4
358
56
1
183
177
98
54
17
146
101
196
275
246
118
511
146
120
103
126
182
192
272
195
287
173
205
206
217
133
510
373
1
168
194
142
168
118
6
8
96
47
334
129
5
13
435
5
93
352
147
372
180
288
169
175
527
265
7
204
182
130
224
169
527
100
12
55
0
11
198
229
457
10
109
153
128
180
194
6
208
109
181
509
192
13
45
100
275
226
326
529
432
131
168
102
168
283
126
291
144
64
283
3
190
94
524
116
544
196
334
0
187
102
510
276
16
101
117
196
8
287
182
210
105
172
64
182
93
502
117
10
142
201
142
11
527
131
57
129
1
137
15
542
187
46
107
370
129
170
168
104
369
177
11
16
15
218
109
23
247
206
96
195
219
198
217
25
157
192
165
166
172
322
158
172
119
56
263
101
6
288
97
106
202
288
352
282
100
264
529
219
260
97
275
135
192
146
193
107
97
195
11
510
168
173
419
24
3
218
55
180
19
4
102
119
188
56
92
173
475
207
489
171
172
2
187
151
55
176
100
177
525
176
101
96
525
341
109
524
12
176
192
400
482
138
119
231
111
313
184
182
186
12
275
138
105
223
161
175
526
146
26
11
232
9
209
526
0
231
65
92
126
204
108
5
267
490
193
170
140
352
9
201
275
127
1
246
9
48
279
56
15
509
107
322
271
56
45
138
372
260
12
221
203
318
295
102
396
108
275
64
291
180
322
355
209
373
1
195
217
132
24
10
11
107
353
102
167
128
109
347
74
112
203
56
55
181
55
182
109
401
103
127
202
97
170
197
12
322
97
196
200
24
17
159
60
328
172
127
9
193
182
511
127
183
116
165
109
131
518
8
101
4
542
169
283
92
225
205
173
219
10
127
194
204
173
10
198
2
